4 0.527538 0.246988 0.025603 0.033467
4 0.126675 0.495091 0.031855 0.038822
1 0.469783 0.902722 0.068473 0.127622
4 0.590652 0.071620 0.016076 0.048639
1 0.324352 0.895805 0.119381 0.139670
4 0.827181 0.109103 0.025901 0.018295
4 0.455939 0.044400 0.009229 0.028112
4 0.174010 0.075190 0.034236 0.024543
4 0.067282 0.417224 0.040488 0.067827
4 0.033790 0.387104 0.011015 0.007586
4 0.082465 0.612673 0.013099 0.007140
4 0.061774 0.607988 0.019351 0.016510
4 0.059690 0.579206 0.019946 0.018742
4 0.068622 0.566042 0.012206 0.016510
4 0.111938 0.549531 0.012504 0.011156
4 0.113278 0.535029 0.012206 0.008032
4 0.592289 0.807229 0.040191 0.056225