4 0.406046 0.747549 0.083333 0.088235
4 0.232843 0.438725 0.047386 0.053922
4 0.130719 0.257353 0.035948 0.039216
4 0.933824 0.686275 0.021242 0.039216
4 0.589869 0.884804 0.062092 0.186275
4 0.755719 0.813725 0.053922 0.063725
4 0.116013 0.709559 0.075163 0.051471
4 0.897876 0.529412 0.021242 0.039216
1 0.588235 0.886029 0.062092 0.183824
4 0.523693 0.816176 0.119281 0.132353
4 0.160131 0.175245 0.039216 0.036765
4 0.169118 0.286765 0.034314 0.029412
4 0.140523 0.323529 0.026144 0.019608
4 0.192810 0.583333 0.032680 0.029412
4 0.238562 0.563725 0.032680 0.029412
4 0.289216 0.536765 0.032680 0.029412
4 0.370915 0.566176 0.032680 0.029412
4 0.389706 0.600490 0.034314 0.029412
4 0.181373 0.539216 0.032680 0.029412
4 0.222222 0.485294 0.032680 0.029412
4 0.176471 0.376225 0.029412 0.022059
4 0.145425 0.355392 0.029412 0.024510
4 0.177288 0.469363 0.024510 0.017157
4 0.195261 0.506127 0.024510 0.017157
4 0.782680 0.671569 0.016340 0.019608
4 0.712418 0.607843 0.016340 0.019608
4 0.849673 0.627451 0.016340 0.019608
4 0.641340 0.750000 0.021242 0.024510