4 0.158889 0.525000 0.046667 0.036667
4 0.906667 0.313333 0.186667 0.193333
4 0.103333 0.875000 0.082222 0.083333
4 0.206667 0.505000 0.044444 0.036667
4 0.635556 0.718333 0.088889 0.103333
4 0.141111 0.470000 0.042222 0.033333
4 0.776667 0.801667 0.117778 0.090000
4 0.848889 0.531667 0.208889 0.130000
4 0.736667 0.665000 0.064444 0.063333
4 0.363333 0.796667 0.162222 0.160000
4 0.413333 0.478333 0.133333 0.136667
4 0.254444 0.743333 0.104444 0.106667
4 0.068889 0.483333 0.031111 0.026667
4 0.300000 0.873333 0.071111 0.060000