4 0.598000 0.072072 0.060000 0.126126
7 0.588000 0.555556 0.552000 0.468468
4 0.097000 0.288288 0.194000 0.282282
4 0.598000 0.072072 0.060000 0.126126
5 0.562000 0.870871 0.288000 0.246246
4 0.787000 0.542042 0.082000 0.111111
4 0.555000 0.211712 0.102000 0.099099
5 0.919000 0.665165 0.158000 0.171171
4 0.198000 0.115616 0.112000 0.117117
4 0.881000 0.117117 0.094000 0.138138
4 0.315000 0.711712 0.134000 0.132132
4 0.869000 0.379880 0.086000 0.081081
4 0.130000 0.030030 0.060000 0.060060
4 0.037000 0.043544 0.058000 0.069069