11 0.750391 0.476965 0.111719 0.135501
11 0.944531 0.699187 0.110937 0.186992
11 0.259766 0.154472 0.128906 0.168022
11 0.133984 0.289295 0.183594 0.277778
11 0.448828 0.502033 0.197656 0.182927
11 0.676562 0.647696 0.100000 0.097561
11 0.595313 0.521003 0.082812 0.142276
11 0.440625 0.903117 0.093750 0.191057
11 0.240234 0.286585 0.063281 0.126016
11 0.182812 0.357046 0.150000 0.201897
11 0.791016 0.676829 0.249219 0.331978
11 0.954297 0.878726 0.089844 0.234417
11 0.249609 0.066396 0.100781 0.132791
11 0.822266 0.296748 0.119531 0.306233
11 0.476953 0.092818 0.164844 0.185637
11 0.564063 0.963415 0.164062 0.070461
11 0.704688 0.310298 0.159375 0.246612
11 0.473828 0.737805 0.116406 0.331978
11 0.646094 0.256098 0.139063 0.197832
11 0.320703 0.343496 0.146094 0.353659
11 0.170703 0.563008 0.192969 0.321138
11 0.521875 0.881436 0.092188 0.147696
11 0.563672 0.674119 0.074219 0.334688
11 0.870703 0.556911 0.172656 0.159892
11 0.104688 0.905149 0.134375 0.178862
11 0.376563 0.169377 0.110937 0.224932
11 0.558984 0.084011 0.064844 0.168022
11 0.914062 0.459350 0.170313 0.227642
11 0.321875 0.697154 0.153125 0.415989
11 0.026953 0.376016 0.053906 0.326558
11 0.226562 0.844851 0.160938 0.310298
11 0.733203 0.854336 0.069531 0.082656
11 0.451953 0.277778 0.111719 0.257453
11 0.493359 0.412602 0.164844 0.123306
11 0.646484 0.473577 0.121094 0.139566
11 0.141016 0.773713 0.060156 0.119241