4 0.225586 0.479821 0.068359 0.080717
4 0.225586 0.312780 0.060547 0.051570
4 0.714844 0.245516 0.042969 0.047085
4 0.041016 0.127803 0.082031 0.062780
4 0.290039 0.330717 0.076172 0.060538
4 0.920898 0.275785 0.064453 0.049327
4 0.533203 0.276906 0.128906 0.082960
4 0.604492 0.216368 0.056641 0.065022
4 0.089844 0.300448 0.109375 0.076233
4 0.898438 0.109865 0.093750 0.062780
4 0.852539 0.535874 0.060547 0.094170
4 0.557617 0.644619 0.076172 0.118834
2 0.484375 0.464126 0.437500 0.331839
4 0.694336 0.189462 0.056641 0.038117
4 0.717773 0.447309 0.083984 0.065022
4 0.358398 0.155830 0.048828 0.078475
4 0.737305 0.908072 0.107422 0.089686
4 0.419922 0.107623 0.093750 0.080717
4 0.793945 0.193946 0.072266 0.060538
4 0.829102 0.239910 0.087891 0.094170
4 0.302734 0.682735 0.078125 0.047085
4 0.101562 0.167040 0.035156 0.024664
4 0.037109 0.367713 0.050781 0.022422
4 0.052734 0.413677 0.046875 0.038117
4 0.072266 0.640135 0.046875 0.047085
4 0.088867 0.595291 0.025391 0.029148
4 0.232422 0.609865 0.019531 0.026906
4 0.160156 0.713004 0.023438 0.017937
4 0.076172 0.753363 0.019531 0.022422
4 0.303711 0.779148 0.072266 0.069507
4 0.311523 0.980942 0.056641 0.038117
4 0.576172 0.507848 0.035156 0.078475
4 0.784180 0.658072 0.041016 0.060538
4 0.963867 0.551570 0.072266 0.058296
4 0.813477 0.028027 0.037109 0.047085
4 0.858398 0.008969 0.041016 0.017937
4 0.922852 0.023543 0.048828 0.029148
4 0.984375 0.081839 0.031250 0.038117
4 0.624023 0.282511 0.021484 0.026906
4 0.751953 0.347534 0.015625 0.026906
4 0.392578 0.014574 0.058594 0.029148
4 0.052734 0.014574 0.015625 0.029148
4 0.008789 0.059417 0.017578 0.029148
4 0.181641 0.311659 0.046875 0.044843
4 0.147461 0.542601 0.029297 0.026906
4 0.689453 0.011211 0.054688 0.022422
4 0.214844 0.016816 0.035156 0.033632
4 0.734375 0.526906 0.035156 0.026906
4 0.623047 0.498879 0.027344 0.033632