4 0.255625 0.313964 0.031250 0.028116
4 0.073125 0.257263 0.027500 0.034677
4 0.944688 0.709934 0.035625 0.034677
2 0.538438 0.514995 0.848125 0.512652
4 0.723437 0.158857 0.034375 0.032802
4 0.874062 0.219306 0.104375 0.129335
4 0.873750 0.378163 0.028750 0.017807
4 0.572187 0.177132 0.019375 0.018744
4 0.456875 0.242737 0.025000 0.022493
4 0.209375 0.184161 0.017500 0.019681
4 0.108125 0.451734 0.018750 0.018744
4 0.856250 0.788191 0.022500 0.037488
4 0.825000 0.701968 0.011250 0.026242
4 0.520938 0.073571 0.040625 0.038425
4 0.648125 0.059513 0.018750 0.034677
4 0.933125 0.436739 0.021250 0.022493