0 0.848125 0.668697 0.303750 0.237113
0 0.764062 0.424086 0.385625 0.250234
0 0.651563 0.251172 0.181875 0.148079
4 0.880000 0.157919 0.022500 0.025305
0 0.251563 0.186036 0.173125 0.107779
0 0.205937 0.358482 0.191875 0.107779
0 0.203437 0.667760 0.311875 0.195876
4 0.841875 0.134489 0.026250 0.029053
4 0.311563 0.292877 0.021875 0.053421
0 0.460938 0.594658 0.394375 0.295220
0 0.930937 0.299438 0.138125 0.190253
4 0.668750 0.118088 0.023750 0.024367
4 0.402500 0.236645 0.040000 0.030928
4 0.534687 0.867854 0.038125 0.020619
4 0.066562 0.750234 0.133125 0.158388
4 0.637500 0.752109 0.336250 0.205248
0 0.651563 0.245080 0.183125 0.135895
0 0.503750 0.391284 0.166250 0.134021
4 0.289687 0.858013 0.008125 0.006560
4 0.893437 0.878632 0.064375 0.109653
4 0.447188 0.063730 0.031875 0.020619
4 0.495000 0.115276 0.015000 0.014995
4 0.278438 0.377694 0.160625 0.166823