4 0.234375 0.856139 0.061250 0.075914
2 0.528438 0.536551 0.843125 0.448922
4 0.256250 0.931584 0.053750 0.052484
4 0.347500 0.201031 0.042500 0.032802
4 0.136563 0.433927 0.040625 0.028116
4 0.419687 0.109653 0.038125 0.026242
4 0.436563 0.057638 0.028125 0.029053
4 0.584375 0.024836 0.027500 0.038425
4 0.648750 0.247891 0.028750 0.025305
4 0.877500 0.323336 0.045000 0.043112
4 0.496875 0.208997 0.028750 0.029991
4 0.044687 0.523899 0.089375 0.136832
4 0.368750 0.324274 0.043750 0.026242
4 0.475313 0.167760 0.023125 0.022493
4 0.711250 0.010778 0.023750 0.017807
4 0.867188 0.114339 0.025625 0.024367
4 0.949688 0.143861 0.033125 0.025305
4 0.493437 0.059044 0.018125 0.013121