4 0.633057 0.169922 0.058105 0.057292
4 0.586182 0.105143 0.040527 0.048828
4 0.938232 0.928711 0.088379 0.068359
4 0.692383 0.047526 0.029297 0.044271
2 0.406006 0.513021 0.336426 0.376302
4 0.954102 0.548177 0.090820 0.071615
4 0.559570 0.014323 0.019531 0.028646
4 0.857910 0.300456 0.060547 0.074870
4 0.940918 0.463542 0.072266 0.045573
6 0.697266 0.949219 0.045898 0.037760
4 0.415771 0.928385 0.070801 0.057292
4 0.775391 0.211263 0.022461 0.070964
4 0.919434 0.264323 0.022461 0.066406
4 0.254395 0.105143 0.056641 0.033203