0 0.627692 0.880123 0.172308 0.092213
0 0.551538 0.578893 0.183077 0.108607
0 0.595385 0.321721 0.200000 0.131148
4 0.969231 0.492828 0.058462 0.100410
0 0.793077 0.425205 0.161538 0.100410
0 0.462308 0.672131 0.192308 0.127049
0 0.602308 0.463115 0.210769 0.143443
0 0.314615 0.116803 0.130769 0.135246
0 0.317692 0.716189 0.183077 0.096311
4 0.876154 0.603484 0.189231 0.084016
0 0.130769 0.391393 0.190769 0.131148
0 0.315385 0.520492 0.190769 0.155738
0 0.376923 0.328893 0.175385 0.133197
4 0.201538 0.254098 0.144615 0.086066
4 0.140000 0.219262 0.132308 0.081967
0 0.812308 0.676230 0.172308 0.127049
0 0.713846 0.786885 0.160000 0.135246
0 0.510769 0.807377 0.166154 0.081967
0 0.750769 0.515369 0.086154 0.116803
0 0.210769 0.579918 0.184615 0.110656
0 0.700000 0.697746 0.175385 0.096311
4 0.013846 0.277664 0.027692 0.071721