5 0.746500 0.355651 0.245000 0.121622
9 0.677000 0.636978 0.480000 0.433661
4 0.407000 0.288698 0.048000 0.049140
4 0.403000 0.434275 0.056000 0.052826
4 0.445000 0.176904 0.032000 0.085995
4 0.290000 0.457002 0.066000 0.056511
4 0.422000 0.019656 0.040000 0.024570
4 0.445000 0.009214 0.026000 0.018428
4 0.452000 0.068182 0.040000 0.040541
4 0.496000 0.046683 0.042000 0.049140
4 0.431000 0.081695 0.030000 0.035627
4 0.565500 0.032555 0.029000 0.057740
4 0.579000 0.103808 0.022000 0.050369
4 0.566000 0.113636 0.038000 0.050369
4 0.555500 0.173833 0.017000 0.052826
4 0.535000 0.092138 0.036000 0.054054
4 0.516500 0.109337 0.037000 0.056511
4 0.519500 0.138206 0.021000 0.030713
4 0.536000 0.151106 0.016000 0.068796
4 0.511500 0.161548 0.033000 0.055283
4 0.658500 0.211302 0.037000 0.051597
4 0.638000 0.254300 0.034000 0.044226
4 0.435500 0.265356 0.031000 0.041769
4 0.577000 0.325553 0.030000 0.051597
4 0.421500 0.501843 0.047000 0.033170
4 0.375000 0.085381 0.050000 0.028256
4 0.470000 0.601351 0.056000 0.035627