4 0.505127 0.635742 0.041504 0.033203
4 0.203125 0.049154 0.058594 0.046224
2 0.593994 0.464844 0.812012 0.451823
4 0.144287 0.356120 0.043457 0.032552
4 0.086182 0.825846 0.038574 0.029297
4 0.769531 0.916667 0.023438 0.032552
4 0.881592 0.939128 0.025879 0.042318
4 0.942139 0.832031 0.106934 0.037760
4 0.568115 0.708984 0.039551 0.028646
4 0.407715 0.781576 0.034180 0.025391
4 0.306885 0.789714 0.033691 0.032552
4 0.261963 0.839193 0.028809 0.027344
4 0.309570 0.702799 0.023438 0.030599
4 0.071045 0.624023 0.033691 0.014974
4 0.127930 0.712240 0.029297 0.032552
4 0.029785 0.673503 0.018555 0.014974
4 0.046387 0.685221 0.019531 0.012370
4 0.100830 0.417318 0.030762 0.014323
4 0.184326 0.288411 0.038574 0.019531
4 0.222656 0.276693 0.041992 0.024740
4 0.434570 0.203776 0.032227 0.022135
4 0.465820 0.256836 0.024414 0.031901
4 0.208740 0.319661 0.025879 0.024740
4 0.274658 0.308919 0.030762 0.020182
4 0.349609 0.875651 0.016602 0.037760
4 0.268555 0.902344 0.033203 0.032552