4 0.090938 0.317713 0.031875 0.101218
4 0.408438 0.025305 0.076875 0.050609
4 0.434688 0.792409 0.096875 0.060918
4 0.641563 0.073571 0.026875 0.062793
4 0.595625 0.035145 0.073750 0.070291
4 0.476875 0.216963 0.075000 0.089035
4 0.478438 0.067010 0.024375 0.059044
4 0.510000 0.129335 0.053750 0.078725
4 0.153750 0.298969 0.031250 0.168697
4 0.418438 0.083880 0.064375 0.057170
0 0.458125 0.536082 0.801250 0.648547
4 0.153750 0.018744 0.078750 0.037488
4 0.164062 0.122306 0.023125 0.047798
4 0.691250 0.735239 0.037500 0.017807