8 0.466770 0.807373 0.482609 0.237793
8 0.924224 0.409180 0.150311 0.124023
8 0.185714 0.364746 0.270807 0.137695
8 0.367702 0.205078 0.126708 0.162109
8 0.750621 0.355713 0.311180 0.148926
4 0.693478 0.472656 0.281366 0.094727
8 0.405280 0.553467 0.594410 0.217285
8 0.717702 0.094727 0.411801 0.189453
8 0.823292 0.738770 0.095031 0.141602
4 0.224845 0.820312 0.232298 0.088867
4 0.053106 0.866211 0.106211 0.111328
4 0.960248 0.532715 0.079503 0.069336
8 0.868323 0.544678 0.109317 0.132324
4 0.491925 0.933105 0.186335 0.133789
4 0.079503 0.567383 0.126708 0.116211
4 0.205280 0.721436 0.193168 0.067871
4 0.111180 0.629395 0.222360 0.150391
4 0.062422 0.743408 0.124845 0.121582
4 0.650621 0.542480 0.140994 0.070312
8 0.416460 0.649658 0.434161 0.161621