4 0.891875 0.940487 0.021250 0.025305
0 0.448750 0.428304 0.198750 0.213683
0 0.382500 0.512652 0.121250 0.114339
0 0.495312 0.574039 0.113125 0.105904
0 0.625938 0.357545 0.133125 0.261481
0 0.507812 0.281162 0.195625 0.179944
4 0.624687 0.503280 0.115625 0.181818
4 0.620313 0.606842 0.129375 0.195876
4 0.595000 0.804592 0.092500 0.165886
4 0.483750 0.854733 0.085000 0.164948
4 0.819688 0.824274 0.015625 0.015933
4 0.739688 0.858950 0.008125 0.010309
4 0.914375 0.961575 0.011250 0.014995
4 0.774687 0.910028 0.011875 0.014995