4 0.218262 0.636068 0.038086 0.048177
4 0.780762 0.976562 0.038086 0.044271
0 0.495605 0.738281 0.241211 0.179688
4 0.686523 0.830078 0.056641 0.045573
0 0.441406 0.403646 0.431641 0.255208
4 0.344727 0.123698 0.041016 0.039062
4 0.817383 0.613281 0.052734 0.054688
4 0.524902 0.016276 0.055664 0.032552
4 0.657227 0.875651 0.056641 0.048177
4 0.336426 0.749349 0.030273 0.040365
4 0.685059 0.541667 0.026367 0.036458
4 0.949707 0.436198 0.016602 0.044271
4 0.456055 0.962240 0.035156 0.023438
4 0.171875 0.985677 0.042969 0.028646
4 0.852539 0.664062 0.027344 0.041667
4 0.415527 0.643880 0.022461 0.037760