2 0.938965 0.345632 0.044922 0.078880
4 0.517578 0.754453 0.105469 0.068702
4 0.903076 0.511450 0.044434 0.049194
4 0.759521 0.291349 0.062988 0.051739
2 0.472412 0.390161 0.474121 0.369805
2 0.945557 0.438931 0.064941 0.067006
4 0.866211 0.313825 0.068359 0.052587
2 0.787354 0.377863 0.107910 0.080577
4 0.863770 0.584394 0.016602 0.011874
4 0.768311 0.593723 0.015137 0.011874
4 0.231934 0.251484 0.030273 0.021204
4 0.490234 0.153944 0.041016 0.027990
4 0.913574 0.565734 0.009766 0.008482
4 0.815918 0.597540 0.016602 0.022901
4 0.925537 0.608991 0.033691 0.030534