6 0.540771 0.582913 0.516113 0.289113
4 0.906494 0.077145 0.041504 0.033165
4 0.849365 0.078226 0.029785 0.036770
4 0.769531 0.186373 0.034180 0.075703
4 0.884766 0.312185 0.034180 0.111031
4 0.934326 0.239726 0.062988 0.036770
4 0.806152 0.408796 0.062500 0.028839
4 0.897461 0.438717 0.030273 0.038212
4 0.538330 0.348594 0.035645 0.051190
4 0.478027 0.425018 0.037109 0.067051
4 0.419678 0.265681 0.036621 0.031002
4 0.564941 0.161139 0.029297 0.029560
4 0.344482 0.056957 0.031738 0.038933
4 0.427734 0.022350 0.030273 0.018745