4 0.651123 0.569987 0.065918 0.039714
4 0.698730 0.529948 0.060547 0.035156
4 0.664062 0.906250 0.097656 0.055990
4 0.846924 0.443685 0.061035 0.080078
2 0.456299 0.558594 0.283691 0.214844
4 0.205811 0.809245 0.099121 0.063802
4 0.117920 0.903646 0.071777 0.158854
4 0.079590 0.791016 0.041016 0.026042
4 0.207031 0.682943 0.085938 0.074219
4 0.241455 0.536784 0.048340 0.027995
4 0.367676 0.552083 0.019531 0.075521
4 0.338379 0.535807 0.039062 0.053385
4 0.057373 0.406901 0.057129 0.048177
4 0.219971 0.392578 0.036621 0.071615
4 0.330811 0.389974 0.056152 0.053385
4 0.181885 0.219727 0.047363 0.065755
4 0.681152 0.147135 0.033203 0.046875
4 0.619629 0.218750 0.048828 0.083333
4 0.547852 0.278320 0.041016 0.030599
4 0.464844 0.444661 0.057617 0.055990
4 0.547852 0.544922 0.056641 0.048177
4 0.745605 0.488281 0.066406 0.036458
4 0.870117 0.574870 0.051758 0.115885
4 0.950195 0.456706 0.059570 0.064453
4 0.750488 0.228841 0.050781 0.042318
4 0.540771 0.871745 0.058105 0.046875
4 0.512939 0.791992 0.035645 0.070964
4 0.421875 0.056966 0.079102 0.081380