4 0.135986 0.245768 0.065918 0.056641
2 0.608398 0.421875 0.770508 0.485677
4 0.242188 0.269206 0.048828 0.041016
8 0.071289 0.276693 0.068359 0.041667
4 0.163330 0.197591 0.061035 0.042318
4 0.256592 0.169271 0.037598 0.032552
4 0.261719 0.209310 0.044922 0.024089
4 0.299072 0.170247 0.043457 0.038411
4 0.411377 0.181641 0.088379 0.062500
4 0.352539 0.226888 0.040039 0.044922
4 0.326172 0.254557 0.064453 0.039062
4 0.533936 0.167969 0.033691 0.042969
4 0.650146 0.143555 0.039551 0.029297
1 0.656982 0.166992 0.024902 0.024089
1 0.682373 0.166016 0.015137 0.023438
4 0.690918 0.105469 0.033203 0.024740
4 0.867188 0.127930 0.053711 0.037109
4 0.765625 0.132487 0.042969 0.038411
4 0.922363 0.112630 0.055664 0.037760