4 0.480469 0.499023 0.225586 0.137370
4 0.672852 0.257812 0.198242 0.143229
4 0.138428 0.117513 0.070801 0.132161
4 0.474121 0.747721 0.264648 0.130859
4 0.605957 0.939453 0.168945 0.119792
4 0.667725 0.550456 0.158691 0.104818
4 0.613770 0.613607 0.197266 0.238932
4 0.402100 0.655273 0.214355 0.111328
4 0.745361 0.487305 0.161621 0.090495
4 0.525879 0.166341 0.119141 0.124349
4 0.623779 0.301758 0.297363 0.164714
4 0.926758 0.234049 0.145508 0.214193
4 0.845215 0.768229 0.272461 0.196615
4 0.909912 0.435872 0.180176 0.250651
4 0.403809 0.113281 0.165039 0.164062
4 0.329346 0.449870 0.170410 0.109375
4 0.250244 0.097005 0.234863 0.184896
4 0.735352 0.178060 0.143555 0.076172
4 0.813965 0.265299 0.099609 0.173828
4 0.483398 0.425456 0.117188 0.119141
4 0.209717 0.526042 0.143066 0.076823
4 0.942383 0.658203 0.058594 0.160156
4 0.292969 0.702474 0.142578 0.156250
4 0.216064 0.687826 0.072754 0.093099