11 0.172266 0.587398 0.183594 0.326558
11 0.102734 0.917344 0.127344 0.162602
11 0.319531 0.361789 0.139063 0.349593
11 0.229297 0.858401 0.158594 0.283198
11 0.704688 0.326558 0.153125 0.249322
11 0.447656 0.294715 0.110937 0.242547
11 0.129688 0.306911 0.182812 0.269648
11 0.520703 0.902439 0.088281 0.140921
11 0.375781 0.189702 0.107813 0.214092
11 0.137891 0.815041 0.042969 0.079946
11 0.790234 0.698509 0.247656 0.329268
11 0.912109 0.474932 0.175781 0.226287
11 0.026172 0.387534 0.052344 0.319783
11 0.820703 0.319106 0.111719 0.304878
11 0.706250 0.901084 0.048438 0.065041
11 0.441406 0.945122 0.085938 0.109756
11 0.493750 0.430894 0.162500 0.113821
11 0.644922 0.495935 0.116406 0.138211
11 0.746875 0.500678 0.109375 0.131436
11 0.674219 0.664634 0.095312 0.082656
11 0.941406 0.717480 0.117188 0.172087
11 0.866016 0.582656 0.183594 0.170732
11 0.564453 0.094851 0.086719 0.189702
11 0.255078 0.074526 0.107031 0.149051
11 0.469141 0.756775 0.119531 0.321138
11 0.182422 0.369919 0.144531 0.197832
11 0.262891 0.176152 0.117969 0.168022
11 0.407813 0.651084 0.057813 0.123306
11 0.562109 0.695799 0.074219 0.329268
11 0.730078 0.871274 0.057031 0.081301
11 0.318359 0.717480 0.153906 0.391599
11 0.478125 0.098916 0.159375 0.195122
11 0.954688 0.892276 0.090625 0.212737
11 0.593750 0.545393 0.079687 0.123306
11 0.243359 0.302846 0.057031 0.107046
11 0.644922 0.276423 0.125781 0.197832
11 0.447266 0.523713 0.194531 0.191057