4 0.220625 0.858146 0.056250 0.068352
2 0.448437 0.507022 0.693125 0.377341
4 0.318437 0.133895 0.066875 0.046816
4 0.283125 0.820693 0.030000 0.032772
4 0.237500 0.762640 0.063750 0.077715
4 0.400313 0.759831 0.069375 0.038390
4 0.475625 0.748596 0.028750 0.042135
4 0.505313 0.777154 0.048125 0.018727
4 0.632500 0.761236 0.050000 0.035581
4 0.707812 0.726124 0.020625 0.014045
4 0.621875 0.704588 0.027500 0.012172
4 0.731875 0.855805 0.033750 0.024345
4 0.739688 0.821629 0.039375 0.017790
4 0.254688 0.944757 0.030625 0.031835
4 0.132812 0.622659 0.049375 0.037453
4 0.094062 0.731742 0.028125 0.015918
4 0.731875 0.224719 0.027500 0.024345
4 0.974063 0.747191 0.036875 0.041199