2 0.578613 0.566618 0.233398 0.166911
4 0.787598 0.248170 0.026367 0.045388
4 0.773438 0.140556 0.023438 0.029283
4 0.794922 0.560761 0.123047 0.096633
4 0.700684 0.170571 0.024414 0.024890
4 0.167969 0.510981 0.013672 0.011713
4 0.259766 0.429722 0.031250 0.021962
4 0.020020 0.463397 0.012695 0.010249
4 0.078613 0.258419 0.014648 0.010249
4 0.347168 0.257687 0.036133 0.026354
4 0.047852 0.121523 0.013672 0.008785
4 0.181152 0.128111 0.020508 0.016105
4 0.231445 0.154466 0.007812 0.010249
4 0.104004 0.387262 0.010742 0.010249
4 0.045410 0.500732 0.006836 0.005857
4 0.040039 0.512445 0.007812 0.005857
4 0.282227 0.224012 0.005859 0.017570
4 0.070801 0.671303 0.030273 0.027818
4 0.249512 0.844070 0.034180 0.024890
4 0.851074 0.094436 0.010742 0.030747
4 0.881836 0.123719 0.005859 0.019034
4 0.925293 0.175695 0.020508 0.014641
4 0.735352 0.237921 0.013672 0.013177
4 0.968262 0.226940 0.010742 0.038067
4 0.667969 0.183748 0.015625 0.016105
4 0.555176 0.128843 0.014648 0.014641
4 0.557129 0.210102 0.010742 0.013177
4 0.550781 0.250366 0.005859 0.017570
4 0.503906 0.240849 0.011719 0.010249
4 0.493652 0.269400 0.010742 0.005857
4 0.632324 0.269400 0.006836 0.014641
4 0.319336 0.292094 0.019531 0.016105
4 0.322266 0.254758 0.011719 0.017570
4 0.327148 0.210835 0.011719 0.008785
4 0.386230 0.202050 0.008789 0.005857
4 0.588867 0.302343 0.009766 0.007321