11 0.088281 0.254688 0.176563 0.131250
11 0.326562 0.821875 0.296875 0.112500
11 0.725000 0.341406 0.400000 0.151562
11 0.704688 0.810937 0.334375 0.212500
11 0.767188 0.475000 0.340625 0.140625
11 0.378125 0.333594 0.368750 0.120313
11 0.196094 0.389844 0.201563 0.095312
11 0.188281 0.255469 0.154688 0.126562
11 0.670312 0.665625 0.109375 0.112500
11 0.594531 0.178125 0.307812 0.206250
11 0.728125 0.936719 0.175000 0.123438
11 0.325781 0.700781 0.251563 0.179688
11 0.500000 0.640625 0.134375 0.134375
11 0.700781 0.557813 0.345313 0.090625
11 0.439844 0.491406 0.123438 0.170313
11 0.382031 0.182031 0.189062 0.142187
11 0.453125 0.904687 0.146875 0.190625
11 0.109375 0.471875 0.200000 0.178125
11 0.896094 0.952344 0.207813 0.092188
11 0.582031 0.870313 0.157812 0.190625
11 0.550781 0.599219 0.123438 0.092188
11 0.502344 0.745313 0.114062 0.115625
11 0.306250 0.452344 0.253125 0.120313
11 0.914062 0.517969 0.159375 0.101562
11 0.860156 0.208594 0.279687 0.114062
11 0.508594 0.446875 0.142187 0.218750
11 0.313281 0.133594 0.264062 0.170313
11 0.924219 0.108594 0.151562 0.142187
11 0.800781 0.134375 0.101562 0.078125
11 0.327344 0.032813 0.123438 0.065625
11 0.319531 0.237500 0.101562 0.053125
11 0.957812 0.434375 0.084375 0.075000
11 0.659375 0.406250 0.100000 0.056250