2 0.525621 0.401786 0.694099 0.348214
4 0.423137 0.762277 0.041925 0.095982
4 0.761646 0.743304 0.038820 0.044643
4 0.475932 0.789062 0.060559 0.082589
4 0.808230 0.608259 0.063665 0.064732
4 0.820652 0.802455 0.063665 0.078125
4 0.694099 0.764509 0.052795 0.100446
4 0.791149 0.959821 0.051242 0.053571
4 0.705745 0.852679 0.066770 0.071429
4 0.178571 0.674107 0.034161 0.080357
4 0.070652 0.839286 0.054348 0.089286
4 0.930901 0.422991 0.051242 0.078125
4 0.693323 0.607143 0.026398 0.053571
4 0.700311 0.566964 0.037267 0.044643
4 0.651398 0.088170 0.054348 0.051339
4 0.595497 0.664062 0.032609 0.029018