0 0.789062 0.219904 0.114258 0.085499
4 0.614746 0.326607 0.034180 0.069083
0 0.098145 0.474350 0.121094 0.085499
0 0.301270 0.473666 0.095703 0.073187
0 0.381348 0.453830 0.111328 0.085499
0 0.464355 0.356703 0.078125 0.085499
4 0.908691 0.262996 0.075195 0.063611
0 0.942871 0.042750 0.114258 0.085499
0 0.601318 0.387825 0.062012 0.047880
0 0.765137 0.368331 0.094727 0.048564
0 0.664062 0.422709 0.064453 0.062927
4 0.970703 0.207934 0.058594 0.132695
4 0.886719 0.330711 0.032227 0.070451
4 0.920410 0.329343 0.050781 0.041724
4 0.972900 0.314979 0.054199 0.063611
4 0.725342 0.299590 0.062012 0.080711
4 0.681885 0.330027 0.055176 0.099179
4 0.760254 0.472640 0.081055 0.080711
4 0.600586 0.505814 0.042969 0.081395
4 0.703613 0.500000 0.048828 0.056088
4 0.522461 0.476744 0.036133 0.047880
4 0.579834 0.454172 0.077637 0.067031
4 0.630127 0.523256 0.016113 0.045144
4 0.853271 0.431259 0.052246 0.041724
4 0.831299 0.394323 0.062012 0.047196
4 0.737793 0.430233 0.075195 0.060192