4 0.028125 0.659325 0.038750 0.062793
4 0.023750 0.872071 0.047500 0.111528
4 0.785937 0.968604 0.044375 0.047798
4 0.029687 0.302718 0.054375 0.065604
4 0.175000 0.213215 0.060000 0.075914
4 0.175313 0.536082 0.090625 0.082474
4 0.433125 0.732896 0.086250 0.058107
4 0.700625 0.147142 0.065000 0.061856
4 0.795937 0.208060 0.064375 0.097470
8 0.529375 0.532334 0.681250 0.601687
4 0.275000 0.062324 0.063750 0.064667
4 0.366250 0.687910 0.055000 0.112465
4 0.480312 0.645736 0.069375 0.052484
4 0.632188 0.352858 0.105625 0.064667
4 0.208750 0.644330 0.160000 0.090909
4 0.119375 0.208529 0.023750 0.090909
4 0.952187 0.567010 0.056875 0.086223
4 0.513437 0.208997 0.046875 0.050609
4 0.589063 0.146673 0.020625 0.070291
4 0.936562 0.111528 0.023125 0.050609
4 0.976562 0.438613 0.046875 0.039363
4 0.927500 0.720712 0.026250 0.061856
4 0.894687 0.626054 0.046875 0.073102
4 0.802500 0.891284 0.050000 0.086223
4 0.161250 0.465792 0.042500 0.069353
4 0.124063 0.492971 0.023125 0.050609
4 0.086250 0.611996 0.041250 0.031865
4 0.519687 0.218369 0.046875 0.050609
4 0.415938 0.975164 0.044375 0.047798
4 0.597812 0.984067 0.044375 0.031865
4 0.157188 0.794283 0.034375 0.025305
4 0.455313 0.783974 0.021875 0.047798
4 0.690000 0.341143 0.033750 0.067479
4 0.363750 0.604030 0.050000 0.044049