4 0.820068 0.390897 0.056152 0.068273
4 0.669189 0.243976 0.068848 0.027443
4 0.449707 0.824297 0.055664 0.047523
4 0.815186 0.352744 0.057129 0.034806
4 0.758545 0.572959 0.093262 0.053548
4 0.630615 0.389558 0.041504 0.049531
4 0.851074 0.271754 0.070312 0.034806
4 0.777588 0.142905 0.037598 0.022088
4 0.917236 0.857430 0.109863 0.060241
4 0.542480 0.397925 0.050781 0.051539
4 0.699951 0.325971 0.035645 0.041499
8 0.469727 0.544177 0.242188 0.305221
4 0.956299 0.164993 0.030762 0.024766
4 0.851318 0.272088 0.069824 0.036814
4 0.416260 0.775770 0.062988 0.030790
4 0.393799 0.733936 0.074707 0.058233
4 0.375244 0.849732 0.036621 0.022088
4 0.124756 0.935074 0.060059 0.030790
4 0.293945 0.831660 0.031250 0.020750
4 0.755371 0.759705 0.030273 0.050870
4 0.616943 0.553213 0.015137 0.060910
4 0.561523 0.614123 0.032227 0.060910
4 0.567627 0.510040 0.015137 0.049531
4 0.945068 0.547858 0.058105 0.036814
4 0.881592 0.693775 0.035645 0.036814
4 0.922607 0.365462 0.025879 0.053548
4 0.905518 0.351071 0.018066 0.042169
4 0.629150 0.291834 0.025879 0.069612
4 0.638184 0.176037 0.043945 0.060241
4 0.895996 0.116466 0.029297 0.048193
4 0.293213 0.983601 0.033691 0.024766
4 0.599365 0.461847 0.033691 0.065596