4 0.625732 0.664062 0.046387 0.031250
4 0.186035 0.749349 0.076172 0.062500
4 0.667236 0.595703 0.051270 0.031250
4 0.564209 0.685221 0.045410 0.030599
4 0.717773 0.487305 0.051758 0.027995
4 0.692383 0.647786 0.048828 0.040365
2 0.539062 0.484375 0.651367 0.662760
4 0.900879 0.557292 0.056641 0.046875
4 0.815430 0.343750 0.047852 0.032552
4 0.949951 0.384440 0.028809 0.041016
4 0.876953 0.450195 0.039062 0.025391
4 0.813477 0.597982 0.039062 0.025391
4 0.983398 0.491536 0.031250 0.024740
4 0.927490 0.699870 0.035645 0.032552
4 0.678223 0.694010 0.041992 0.026042
4 0.635986 0.736979 0.046387 0.023438
4 0.817139 0.654297 0.037598 0.028646
4 0.756592 0.746745 0.040527 0.015625
4 0.683105 0.793945 0.040039 0.021484
4 0.697266 0.815755 0.029297 0.016927
4 0.811035 0.707682 0.040039 0.029948
4 0.865967 0.674479 0.040527 0.046875
4 0.848877 0.953451 0.058105 0.033203
4 0.812988 0.867513 0.041016 0.024089
4 0.897461 0.699544 0.019531 0.020182
4 0.967041 0.744792 0.045410 0.044271
4 0.917236 0.813477 0.030762 0.033203
4 0.984863 0.777018 0.024414 0.022786
4 0.897461 0.878906 0.046875 0.020833