4 0.872559 0.219619 0.057617 0.064422
4 0.927246 0.143485 0.055664 0.058565
1 0.811035 0.489019 0.071289 0.125915
4 0.984863 0.161786 0.028320 0.060029
4 0.875488 0.067350 0.034180 0.064422
4 0.188965 0.916545 0.045898 0.096633
2 0.409668 0.573939 0.819336 0.787701
4 0.962402 0.030747 0.032227 0.046852
4 0.731445 0.530747 0.064453 0.124451
4 0.769531 0.183016 0.046875 0.046852
4 0.760742 0.063690 0.037109 0.060029
4 0.845215 0.284041 0.032227 0.026354
4 0.808594 0.140556 0.025391 0.040996
4 0.808594 0.177160 0.025391 0.040996
4 0.931152 0.076135 0.040039 0.052709
4 0.169434 0.036603 0.040039 0.061493