11 0.260937 0.918750 0.134375 0.159375
11 0.334375 0.254688 0.168750 0.390625
11 0.188281 0.605469 0.142187 0.185938
11 0.799219 0.283594 0.264062 0.332813
11 0.704688 0.643750 0.178125 0.231250
11 0.938281 0.096094 0.120313 0.192188
11 0.317969 0.600781 0.142187 0.351562
11 0.450781 0.478125 0.195312 0.131250
11 0.448437 0.681250 0.125000 0.250000
11 0.827344 0.660156 0.120313 0.301563
11 0.172656 0.387500 0.204687 0.303125
11 0.469531 0.191406 0.129688 0.382812
11 0.646094 0.484375 0.129688 0.137500
11 0.210938 0.133594 0.143750 0.264062
11 0.751563 0.483594 0.106250 0.101562
11 0.861719 0.413281 0.157812 0.145313
11 0.945312 0.252344 0.096875 0.154688
11 0.562500 0.260156 0.071875 0.307812
11 0.587500 0.425000 0.071875 0.106250
11 0.139063 0.700000 0.184375 0.203125
11 0.258594 0.782031 0.126562 0.104688
11 0.367188 0.825000 0.078125 0.143750
11 0.469531 0.866406 0.167187 0.189062