11 0.827344 0.692969 0.117188 0.301563
11 0.335938 0.285156 0.187500 0.379688
11 0.471875 0.240625 0.128125 0.331250
11 0.800781 0.311719 0.267188 0.335938
11 0.905469 0.562500 0.185938 0.153125
11 0.189844 0.632812 0.145313 0.187500
11 0.707812 0.674219 0.175000 0.229687
11 0.450000 0.708594 0.125000 0.251563
11 0.171094 0.413281 0.204687 0.304688
11 0.235937 0.152344 0.168750 0.304688
11 0.673438 0.352344 0.112500 0.089063
11 0.945312 0.112500 0.109375 0.221875
11 0.455469 0.508594 0.192188 0.129688
11 0.132812 0.208594 0.078125 0.114062
11 0.568750 0.327344 0.071875 0.335938
11 0.596875 0.471875 0.087500 0.125000
11 0.651563 0.514844 0.115625 0.110937
11 0.753906 0.521094 0.114062 0.089063
11 0.517969 0.100000 0.098437 0.137500
11 0.267969 0.832031 0.123438 0.173437
11 0.335938 0.645312 0.121875 0.340625
11 0.100000 0.104688 0.125000 0.153125
11 0.485156 0.907031 0.167187 0.185938
11 0.377344 0.831250 0.107813 0.206250
11 0.942187 0.284375 0.115625 0.150000
11 0.130469 0.716406 0.167187 0.235937