8 0.471562 0.506560 0.793125 0.420806
4 0.975625 0.288660 0.047500 0.069353
4 0.937500 0.478913 0.047500 0.069353
4 0.806562 0.123711 0.078125 0.073102
4 0.710313 0.082474 0.065625 0.069353
4 0.876250 0.734770 0.047500 0.069353
4 0.868125 0.507029 0.047500 0.069353
4 0.767813 0.632146 0.055625 0.075914
4 0.760000 0.826617 0.065000 0.080600
4 0.775937 0.758201 0.053125 0.069353
4 0.673125 0.756326 0.047500 0.069353
4 0.865000 0.818182 0.047500 0.069353
4 0.650000 0.963449 0.047500 0.069353
4 0.625938 0.783505 0.063125 0.069353
4 0.462500 0.843955 0.051250 0.072165
4 0.542188 0.973758 0.099375 0.052484