4 0.908691 0.819336 0.087891 0.068359
4 0.967773 0.228190 0.064453 0.082682
4 0.513916 0.200521 0.058105 0.044271
4 0.093994 0.200521 0.100098 0.071615
4 0.901855 0.220703 0.053711 0.037760
4 0.462646 0.170573 0.053223 0.035156
4 0.697754 0.195638 0.071289 0.050130
4 0.179932 0.250977 0.116699 0.063151
4 0.869873 0.156576 0.058105 0.055339
4 0.787109 0.706055 0.108398 0.055339
4 0.516602 0.267253 0.083984 0.060547
4 0.945557 0.705078 0.103027 0.075521
4 0.699463 0.619466 0.055176 0.033203
4 0.419922 0.253906 0.074219 0.048177
2 0.508545 0.547201 0.520996 0.296224
4 0.757812 0.775065 0.044922 0.078776
4 0.813965 0.547201 0.035156 0.043620
4 0.708252 0.249023 0.059082 0.051432
4 0.816895 0.225911 0.078125 0.039062
4 0.774902 0.118815 0.064453 0.043620
4 0.635986 0.162760 0.041504 0.029948
4 0.292725 0.240234 0.068848 0.040365
4 0.349121 0.247721 0.045898 0.026693
4 0.638916 0.236328 0.050293 0.033854