4 0.715820 0.166016 0.086914 0.063802
4 0.839600 0.872396 0.178223 0.080729
4 0.818115 0.268880 0.130371 0.075521
4 0.863281 0.635742 0.091797 0.185547
4 0.826172 0.184245 0.158203 0.192708
4 0.376221 0.371094 0.069824 0.089844
4 0.630371 0.161784 0.082031 0.080078
4 0.128174 0.196289 0.119629 0.132161
4 0.052246 0.513672 0.093750 0.082031
4 0.476074 0.781250 0.110352 0.298177
4 0.260010 0.856771 0.207520 0.222656
4 0.251465 0.574870 0.126953 0.088542
4 0.301025 0.472982 0.069824 0.198568
4 0.264404 0.253581 0.053223 0.211589
4 0.463379 0.286784 0.114258 0.107422
4 0.309814 0.692708 0.222168 0.096354
4 0.747314 0.903646 0.170410 0.109375
4 0.773682 0.418294 0.082520 0.070964
4 0.971680 0.479492 0.056641 0.211589
4 0.853760 0.352214 0.081543 0.052083
4 0.054199 0.644857 0.108398 0.055339
4 0.021729 0.817383 0.043457 0.043620
4 0.049561 0.717448 0.099121 0.162760
4 0.245850 0.298828 0.128418 0.139323
4 0.362305 0.037435 0.085938 0.072266
4 0.061523 0.097982 0.123047 0.117839
4 0.045166 0.612956 0.035645 0.034505
4 0.300781 0.816406 0.061523 0.136719
4 0.343262 0.889648 0.034180 0.220703