11 0.186328 0.550136 0.219531 0.265583
11 0.103516 0.914634 0.122656 0.146341
11 0.228906 0.855014 0.146875 0.289973
11 0.331250 0.686314 0.085938 0.359079
11 0.441016 0.508130 0.202344 0.176152
11 0.477344 0.751355 0.110937 0.304878
11 0.426563 0.943767 0.100000 0.112466
11 0.585547 0.955962 0.192969 0.088076
11 0.519531 0.878049 0.085938 0.121951
11 0.560156 0.656504 0.089063 0.283198
11 0.669141 0.650407 0.094531 0.119241
11 0.790234 0.687669 0.241406 0.318428
11 0.947656 0.695799 0.104688 0.155827
11 0.953906 0.878726 0.092188 0.242547
11 0.595703 0.510840 0.082031 0.132791
11 0.643359 0.471545 0.127344 0.130081
11 0.751563 0.487805 0.110937 0.140921
11 0.878516 0.547425 0.149219 0.130081
11 0.911328 0.453930 0.177344 0.203252
11 0.689453 0.310976 0.132031 0.201897
11 0.817969 0.293360 0.112500 0.291328
11 0.453125 0.268970 0.115625 0.231707
11 0.323047 0.331301 0.153906 0.296748
11 0.176953 0.338076 0.150781 0.169377
11 0.252344 0.287940 0.059375 0.107046
11 0.126953 0.240515 0.182031 0.180217
11 0.254688 0.068428 0.098437 0.136856
11 0.264844 0.134146 0.109375 0.130081
11 0.378516 0.157182 0.099219 0.176152
11 0.478906 0.097561 0.148438 0.192412
11 0.546875 0.075203 0.050000 0.150407
11 0.019531 0.381436 0.039062 0.310298
11 0.132422 0.777100 0.086719 0.123306