0 0.468438 0.579268 0.253125 0.143527
0 0.318750 0.358349 0.196250 0.161351
0 0.394062 0.853189 0.201875 0.179174
0 0.710938 0.905253 0.261875 0.165103
0 0.508125 0.255629 0.221250 0.147280
0 0.638437 0.167448 0.244375 0.220450
0 0.868750 0.491557 0.236250 0.148218
0 0.196250 0.200750 0.275000 0.191370
0 0.553750 0.757505 0.211250 0.158537
0 0.492500 0.436679 0.247500 0.147280
0 0.116562 0.519231 0.233125 0.149156
0 0.922500 0.627111 0.153750 0.134146
0 0.285938 0.711069 0.239375 0.168856
0 0.136563 0.800657 0.238125 0.164165
0 0.720625 0.598968 0.256250 0.175422
0 0.942500 0.750469 0.113750 0.103189
0 0.837812 0.308630 0.250625 0.202627
0 0.322188 0.549250 0.199375 0.166041
4 0.087188 0.237805 0.174375 0.188555
4 0.087188 0.440901 0.174375 0.118199
0 0.776250 0.764540 0.190000 0.125704
4 0.666875 0.438555 0.147500 0.119137
0 0.527188 0.340525 0.261875 0.200750
0 0.210313 0.650094 0.154375 0.095685
0 0.418125 0.674015 0.178750 0.087242
0 0.135000 0.714353 0.167500 0.098499
4 0.814375 0.846623 0.178750 0.077861
0 0.574375 0.765947 0.193750 0.107880