4 0.406982 0.664835 0.024902 0.016850
4 0.947998 0.580220 0.023926 0.021978
2 0.435547 0.483516 0.175781 0.111355
4 0.448975 0.662637 0.022949 0.018315
4 0.898438 0.459341 0.025391 0.024908
4 0.964355 0.439194 0.006836 0.018315
4 0.866943 0.483150 0.016113 0.010989
4 0.174561 0.776557 0.012207 0.014652
4 0.270996 0.747619 0.010742 0.012454
4 0.367188 0.710623 0.013672 0.019048
4 0.382324 0.704396 0.013672 0.015385
4 0.459961 0.751282 0.010742 0.027106
4 0.446533 0.771429 0.017090 0.017582
4 0.432129 0.720147 0.004883 0.007326
4 0.440674 0.733700 0.006348 0.005128
4 0.487305 0.640659 0.007812 0.030037
4 0.485352 0.660073 0.013672 0.023443
4 0.505371 0.631136 0.019531 0.013919
4 0.599854 0.608425 0.019043 0.022711
4 0.573730 0.645055 0.008789 0.027106
4 0.612793 0.638095 0.014648 0.014652
4 0.637207 0.652747 0.016602 0.016117
4 0.689453 0.581319 0.013672 0.021245
4 0.680420 0.560806 0.005371 0.019780
4 0.669922 0.605495 0.018555 0.012454
4 0.742676 0.680220 0.025391 0.019780
4 0.732178 0.645421 0.018066 0.017582
4 0.737549 0.655678 0.020020 0.016117
4 0.826416 0.830037 0.028809 0.020513
4 0.796875 0.805495 0.024414 0.021245
4 0.743652 0.773260 0.014648 0.019780
4 0.788330 0.834066 0.018066 0.028571
4 0.905273 0.566300 0.026367 0.013187
4 0.913574 0.591575 0.019531 0.018315
4 0.992920 0.539194 0.014160 0.014652
4 0.930176 0.931136 0.042969 0.030769
4 0.553223 0.910989 0.037109 0.030037
4 0.310303 0.989011 0.038574 0.021978
4 0.451172 0.591209 0.018555 0.013187