0 0.636963 0.429688 0.451660 0.257812
4 0.921387 0.289388 0.059570 0.055339
4 0.411133 0.699219 0.064453 0.059896
4 0.115723 0.449544 0.062500 0.055339
4 0.539551 0.796875 0.064453 0.052083
4 0.462402 0.698242 0.024414 0.044922
4 0.625977 0.207031 0.041992 0.036458
4 0.085693 0.961914 0.106934 0.064453
4 0.922363 0.685221 0.018555 0.017578
4 0.779297 0.714193 0.017578 0.018229
4 0.262207 0.790690 0.051758 0.107422
4 0.349121 0.692708 0.016602 0.011719
4 0.383057 0.428060 0.034668 0.031901
4 0.875977 0.042318 0.037109 0.035156
4 0.948242 0.160156 0.026367 0.031250