0 0.633500 0.198667 0.173000 0.128000
0 0.745000 0.295333 0.142000 0.081333
4 0.365500 0.626000 0.079000 0.121333
0 0.100000 0.200667 0.158000 0.105333
0 0.716000 0.364000 0.164000 0.088000
4 0.502500 0.421333 0.089000 0.093333
4 0.020500 0.528000 0.041000 0.053333
0 0.536500 0.533333 0.123000 0.117333
0 0.606000 0.509333 0.088000 0.069333
0 0.767000 0.562667 0.102000 0.069333
0 0.896500 0.564000 0.119000 0.093333
0 0.781000 0.625333 0.050000 0.034667
0 0.860000 0.742667 0.122000 0.104000
0 0.916500 0.868667 0.159000 0.118667
4 0.639000 0.874000 0.050000 0.084000
4 0.717000 0.888667 0.048000 0.054667
4 0.756500 0.894000 0.039000 0.068000
0 0.806000 0.860000 0.140000 0.104000
0 0.337500 0.173333 0.127000 0.112000
0 0.227500 0.230000 0.125000 0.086667
0 0.072000 0.260000 0.094000 0.090667
0 0.247500 0.328000 0.105000 0.080000
0 0.393000 0.332000 0.126000 0.101333
0 0.258000 0.381333 0.108000 0.050667
0 0.239000 0.434667 0.082000 0.098667
0 0.283000 0.552000 0.158000 0.136000
4 0.168000 0.614667 0.094000 0.064000
4 0.132500 0.533333 0.065000 0.080000
4 0.084000 0.563333 0.052000 0.068000
4 0.034500 0.449333 0.069000 0.066667
4 0.111000 0.460000 0.088000 0.034667
0 0.035500 0.361333 0.071000 0.090667
0 0.095500 0.385333 0.073000 0.074667
4 0.328500 0.481333 0.073000 0.056000
4 0.381000 0.466667 0.060000 0.090667
4 0.273500 0.664000 0.055000 0.082667
4 0.503500 0.634000 0.041000 0.070667
4 0.569500 0.622667 0.037000 0.056000
4 0.622000 0.604000 0.072000 0.093333
4 0.683500 0.638000 0.057000 0.052000
4 0.711000 0.606000 0.058000 0.100000
4 0.691000 0.538000 0.052000 0.065333
4 0.476000 0.676000 0.066000 0.037333
4 0.461500 0.714667 0.061000 0.066667
4 0.550500 0.758667 0.069000 0.061333
4 0.637500 0.754000 0.045000 0.078667
4 0.569500 0.873333 0.073000 0.064000
4 0.382500 0.759333 0.031000 0.052000
4 0.689500 0.758000 0.051000 0.076000
4 0.711000 0.701333 0.060000 0.040000
4 0.807500 0.734000 0.113000 0.084000
4 0.580000 0.707333 0.028000 0.054667
4 0.553500 0.713333 0.029000 0.029333
4 0.519000 0.720000 0.048000 0.061333
4 0.612000 0.795333 0.044000 0.057333
4 0.674500 0.718000 0.041000 0.041333
4 0.863500 0.603333 0.055000 0.081333
4 0.944500 0.687333 0.111000 0.081333
4 0.859000 0.682667 0.066000 0.066667
4 0.973500 0.766667 0.053000 0.053333
0 0.820500 0.406667 0.091000 0.082667
0 0.702500 0.466667 0.099000 0.085333
0 0.577500 0.370667 0.101000 0.114667
0 0.547500 0.422667 0.103000 0.120000
0 0.633500 0.366667 0.099000 0.106667
0 0.580000 0.412667 0.102000 0.092000
0 0.339000 0.174000 0.130000 0.116000
4 0.019000 0.574667 0.038000 0.045333
4 0.959000 0.501333 0.082000 0.096000
0 0.756500 0.501333 0.091000 0.061333
4 0.941000 0.774000 0.094000 0.116000
4 0.732000 0.614000 0.078000 0.092000
4 0.927500 0.626000 0.123000 0.086667
4 0.861000 0.623333 0.098000 0.044000
4 0.838000 0.586667 0.042000 0.040000
4 0.753000 0.687333 0.074000 0.041333
4 0.159000 0.681333 0.068000 0.077333
4 0.399000 0.567333 0.098000 0.084000
4 0.365500 0.410000 0.089000 0.060000
4 0.343500 0.340000 0.109000 0.088000
4 0.737000 0.778667 0.048000 0.056000
4 0.712000 0.741333 0.044000 0.053333
4 0.503000 0.787333 0.020000 0.049333