4 0.582275 0.085016 0.043457 0.063192
4 0.538574 0.163844 0.095703 0.052769
4 0.228760 0.556352 0.061035 0.069055
4 0.428223 0.124756 0.062500 0.048860
4 0.462891 0.890879 0.226562 0.167427
4 0.669922 0.104235 0.061523 0.045603
4 0.953857 0.030293 0.077637 0.056678
4 0.690674 0.145928 0.059082 0.044300
4 0.644043 0.062866 0.088867 0.047557
4 0.607178 0.144300 0.055176 0.046254
4 0.187012 0.656352 0.060547 0.039739
4 0.409668 0.080782 0.086914 0.049511
4 0.508057 0.243974 0.074707 0.052769
4 0.885986 0.035831 0.051270 0.058632
4 0.815186 0.025081 0.074707 0.044951
4 0.689697 0.012378 0.085449 0.024756
4 0.371338 0.056352 0.069824 0.064495
2 0.624268 0.412378 0.750488 0.532899
4 0.014893 0.647557 0.029785 0.061238
4 0.029785 0.622476 0.012695 0.038436
4 0.032471 0.661238 0.062988 0.059935
4 0.048340 0.719870 0.078125 0.070358
4 0.154297 0.726059 0.057617 0.035831
4 0.119141 0.681759 0.040039 0.047557
4 0.076416 0.741042 0.024902 0.072313
4 0.020996 0.812052 0.041992 0.030619
4 0.083008 0.811726 0.054688 0.054723
4 0.048340 0.305537 0.035156 0.018241
4 0.096680 0.294788 0.036133 0.022801
4 0.113281 0.227036 0.032227 0.018893
4 0.131836 0.274267 0.028320 0.016938
4 0.179199 0.252117 0.034180 0.019544
4 0.175049 0.214984 0.022949 0.027362
4 0.023682 0.349511 0.038574 0.018893
4 0.052979 0.359935 0.025879 0.012378
4 0.154297 0.329967 0.031250 0.028013
4 0.119629 0.384039 0.022461 0.039739
4 0.087646 0.382410 0.034668 0.013029
4 0.060791 0.514658 0.028809 0.013029
4 0.032471 0.517915 0.022949 0.015635
4 0.020264 0.478176 0.031738 0.040391
4 0.007568 0.431270 0.015137 0.016938
4 0.010254 0.456678 0.020508 0.022150
4 0.057373 0.461238 0.037598 0.075570
4 0.074463 0.410098 0.009277 0.038436
4 0.072754 0.461889 0.038086 0.080782
4 0.005859 0.514658 0.011719 0.020847
4 0.090332 0.513355 0.043945 0.072964
4 0.116211 0.521824 0.014648 0.046906
4 0.166016 0.530945 0.042969 0.022150
4 0.018555 0.543322 0.022461 0.016938
4 0.027100 0.557329 0.053223 0.061889
4 0.025879 0.588925 0.023438 0.042997
4 0.061768 0.570033 0.018066 0.014332
4 0.078369 0.572638 0.025879 0.027362
4 0.067871 0.645928 0.051758 0.064495
4 0.340576 0.693160 0.035645 0.066450
4 0.368408 0.640717 0.043457 0.029316
4 0.129395 0.594788 0.047852 0.036482
4 0.137939 0.618893 0.047363 0.036482
4 0.160645 0.570358 0.035156 0.037134
4 0.058594 0.403257 0.020508 0.027362
4 0.110352 0.457329 0.032227 0.010423
4 0.135498 0.497394 0.017090 0.016287
4 0.172363 0.448860 0.021484 0.050814
4 0.160156 0.487622 0.018555 0.012378
4 0.176270 0.367101 0.034180 0.038436
4 0.149414 0.370358 0.017578 0.012378
4 0.147705 0.400326 0.028809 0.025407
4 0.171387 0.402606 0.016602 0.014332
4 0.158447 0.426059 0.015137 0.010423
4 0.156494 0.453094 0.016113 0.030619
4 0.189209 0.494788 0.020996 0.012378
4 0.221680 0.480782 0.010742 0.027362
4 0.212646 0.410423 0.015137 0.031270
4 0.240234 0.408143 0.017578 0.009772
4 0.229004 0.427362 0.018555 0.009121
4 0.219971 0.447883 0.008301 0.008469
4 0.279785 0.441368 0.039062 0.054072
4 0.098633 0.036808 0.044922 0.043648
4 0.052734 0.083713 0.019531 0.017590
4 0.193604 0.114332 0.026855 0.021498
4 0.199951 0.202280 0.019043 0.038436
4 0.152588 0.302606 0.017090 0.014984
4 0.092041 0.400651 0.019043 0.035179
4 0.100830 0.470358 0.010254 0.029967
4 0.159180 0.499674 0.011719 0.010423
4 0.230713 0.348860 0.021973 0.011075
4 0.205811 0.362866 0.029785 0.016938
4 0.197021 0.386319 0.012207 0.019544
4 0.196289 0.401303 0.016602 0.009121
4 0.192627 0.428013 0.012207 0.011726
4 0.264648 0.362215 0.041992 0.045603
4 0.330322 0.230945 0.041504 0.026710
4 0.373047 0.208143 0.042969 0.018893
4 0.415527 0.225733 0.056641 0.026710
4 0.318604 0.303583 0.044434 0.042997
4 0.361572 0.276873 0.048340 0.042997
4 0.302002 0.184691 0.027832 0.012378
4 0.235107 0.451792 0.013184 0.009772
4 0.262451 0.481107 0.033691 0.008469
4 0.384033 0.650163 0.031738 0.027362
4 0.518311 0.650163 0.050293 0.020847
4 0.546875 0.657003 0.044922 0.046254
4 0.451660 0.744300 0.045898 0.028013
4 0.321045 0.079479 0.029785 0.015635
4 0.319580 0.123127 0.019043 0.015635
4 0.262451 0.145277 0.032715 0.016938
4 0.380371 0.122150 0.030273 0.014984
4 0.374512 0.149186 0.034180 0.018241
4 0.241943 0.238111 0.027832 0.016287
4 0.260010 0.271336 0.054199 0.060586
4 0.223633 0.286645 0.019531 0.014332
4 0.200195 0.278176 0.007812 0.020847
4 0.254395 0.346254 0.018555 0.018893
4 0.287598 0.313681 0.014648 0.008469
4 0.304932 0.345928 0.010254 0.010423
4 0.320068 0.347557 0.018066 0.011075
4 0.295654 0.382736 0.050293 0.034528
4 0.323242 0.389251 0.048828 0.050163
4 0.302979 0.169707 0.013184 0.026710
4 0.301514 0.195440 0.025879 0.027362
4 0.374512 0.229316 0.024414 0.024756
4 0.322266 0.280456 0.024414 0.012378
4 0.328125 0.270033 0.013672 0.017590
4 0.404297 0.262866 0.052734 0.043648
4 0.392822 0.297720 0.052246 0.026059
4 0.463623 0.261889 0.023926 0.011726
4 0.455811 0.274267 0.019043 0.011726
4 0.438721 0.247231 0.014160 0.011075
4 0.442139 0.227362 0.019043 0.015635
4 0.455078 0.230293 0.013672 0.011075
4 0.476074 0.227687 0.016602 0.009772
4 0.436523 0.019870 0.046875 0.030619
4 0.463867 0.010423 0.026367 0.014332
4 0.423340 0.044300 0.041016 0.024756
4 0.460693 0.056352 0.033691 0.022801
4 0.488770 0.067427 0.024414 0.025407
4 0.462402 0.098697 0.006836 0.024104
4 0.463379 0.156026 0.016602 0.029316
4 0.502197 0.119218 0.020996 0.044300
4 0.526611 0.127687 0.020020 0.033876
4 0.482178 0.178502 0.019043 0.013029
4 0.500000 0.184691 0.027344 0.014984
4 0.508545 0.202606 0.026855 0.015635
4 0.391357 0.326710 0.022949 0.022801
4 0.370850 0.336482 0.016113 0.020195
4 0.255127 0.502280 0.015137 0.018241
4 0.191162 0.450163 0.013184 0.018241
4 0.558105 0.012052 0.040039 0.024104
4 0.583252 0.028664 0.072754 0.040391
4 0.622559 0.028339 0.038086 0.018893
4 0.751465 0.041042 0.018555 0.026059
4 0.738525 0.084365 0.030762 0.018893
4 0.786865 0.071336 0.032715 0.020195
4 0.764893 0.109121 0.018066 0.024104
4 0.720215 0.163192 0.024414 0.024104
4 0.748779 0.184365 0.041504 0.018241
4 0.775146 0.158306 0.024902 0.019544
4 0.803955 0.115635 0.029785 0.022801
4 0.786133 0.134528 0.023438 0.021498
4 0.889648 0.078827 0.049805 0.033876
4 0.921631 0.074919 0.032715 0.024756
4 0.861816 0.129642 0.041016 0.039088
4 0.872559 0.128990 0.036133 0.037785
4 0.596436 0.210749 0.024902 0.042345
4 0.621582 0.214984 0.027344 0.026059
4 0.648926 0.210098 0.021484 0.013681