0 0.519000 0.592620 0.118000 0.185241
4 0.972500 0.709337 0.023000 0.036145
4 0.989500 0.767319 0.021000 0.022590
4 0.898000 0.599398 0.030000 0.033133
8 0.821000 0.554970 0.026000 0.055723
4 0.821000 0.554970 0.026000 0.055723
4 0.094500 0.356175 0.017000 0.025602
4 0.851000 0.585090 0.020000 0.022590
0 0.529000 0.501506 0.252000 0.180723
4 0.194000 0.464608 0.106000 0.182229
4 0.131500 0.442771 0.013000 0.015060
4 0.142000 0.460843 0.012000 0.009036
4 0.603000 0.617470 0.022000 0.021084
4 0.561000 0.643825 0.032000 0.022590
4 0.452000 0.412651 0.154000 0.078313
0 0.548500 0.398343 0.179000 0.103916
4 0.960000 0.745482 0.020000 0.009036
4 0.973000 0.777861 0.014000 0.013554
4 0.623500 0.643825 0.089000 0.094880