4 0.110556 0.549630 0.052222 0.112593
0 0.500556 0.471852 0.634444 0.463704
4 0.027778 0.500741 0.026667 0.023704
4 0.130556 0.402963 0.018889 0.020741
4 0.102222 0.370370 0.040000 0.023704
4 0.032222 0.404444 0.017778 0.032593
4 0.025000 0.451852 0.021111 0.011852
4 0.007778 0.386667 0.015556 0.008889
4 0.169444 0.397778 0.025556 0.025185
4 0.009444 0.634815 0.018889 0.010370
4 0.076111 0.722963 0.021111 0.023704
4 0.123333 0.733333 0.024444 0.017778
4 0.040556 0.863704 0.034444 0.014815
4 0.722778 0.880741 0.038889 0.069630
4 0.794444 0.879259 0.037778 0.066667
4 0.721111 0.939259 0.013333 0.038519
4 0.922222 0.477037 0.024444 0.029630
4 0.906111 0.245185 0.025556 0.042963
4 0.896667 0.167407 0.040000 0.023704
4 0.492222 0.240000 0.033333 0.071111
4 0.943889 0.022222 0.034444 0.029630
4 0.891667 0.051852 0.043333 0.041481
4 0.646111 0.197037 0.023333 0.020741
4 0.642222 0.091852 0.031111 0.014815
4 0.436667 0.043704 0.031111 0.037037
4 0.156111 0.125185 0.030000 0.025185
4 0.318889 0.022222 0.028889 0.020741
4 0.639444 0.163704 0.010000 0.010370
4 0.623333 0.131111 0.015556 0.019259
4 0.574444 0.150370 0.013333 0.019259
4 0.641111 0.064444 0.015556 0.034074
4 0.793889 0.025926 0.018889 0.022222
4 0.802222 0.099259 0.015556 0.014815
4 0.734444 0.159259 0.011111 0.019259
4 0.542222 0.094815 0.020000 0.014815
4 0.418889 0.014074 0.024444 0.028148
4 0.288333 0.092593 0.025556 0.010370
4 0.269444 0.089630 0.023333 0.016296
4 0.334444 0.100741 0.017778 0.026667
4 0.275556 0.130370 0.028889 0.032593
4 0.321667 0.147407 0.030000 0.007407
4 0.388333 0.105926 0.018889 0.016296
4 0.075000 0.189630 0.030000 0.023704
4 0.061667 0.297778 0.012222 0.008889
4 0.052778 0.312593 0.030000 0.011852
4 0.107778 0.271111 0.022222 0.011852
4 0.119444 0.194074 0.018889 0.017778
4 0.231111 0.189630 0.011111 0.017778
4 0.075556 0.228889 0.013333 0.016296
4 0.013333 0.255556 0.013333 0.025185
4 0.014444 0.233333 0.017778 0.013333
4 0.011667 0.351111 0.023333 0.020741
4 0.306667 0.190370 0.015556 0.040000