11 0.190674 0.938802 0.375488 0.122396
11 0.914062 0.963216 0.171875 0.069661
11 0.744385 0.507487 0.470215 0.164714
11 0.634033 0.824707 0.344238 0.118815
11 0.839600 0.893555 0.320801 0.167318
11 0.569580 0.672363 0.523926 0.178060
11 0.114014 0.156901 0.228027 0.313802
11 0.500732 0.061849 0.517090 0.123698
11 0.937256 0.308268 0.125488 0.287109
11 0.466309 0.906250 0.371094 0.187500
11 0.802979 0.093750 0.394043 0.187500
11 0.507324 0.440104 0.406250 0.244792
11 0.236816 0.620768 0.462891 0.169922
11 0.569092 0.268229 0.438965 0.229167
11 0.169922 0.443359 0.339844 0.199219
11 0.320068 0.215820 0.444824 0.236328
11 0.910400 0.593587 0.179199 0.107096
11 0.830322 0.265137 0.181152 0.204102
11 0.860352 0.722005 0.279297 0.160156
11 0.168213 0.778646 0.330566 0.335938