2 0.476807 0.546154 0.629395 0.519414
4 0.556641 0.220513 0.026367 0.017582
4 0.603271 0.177289 0.007324 0.020513
4 0.640625 0.172894 0.012695 0.017582
4 0.519531 0.129670 0.013672 0.013187
4 0.645264 0.106593 0.014160 0.010989
4 0.744385 0.223077 0.011230 0.030037
4 0.636719 0.210989 0.016602 0.010256
4 0.791016 0.326374 0.016602 0.018315
4 0.662598 0.250916 0.017578 0.012454
4 0.783936 0.046154 0.016113 0.011722
4 0.777100 0.283150 0.015137 0.016850
4 0.718262 0.264835 0.013672 0.006593
4 0.686523 0.308791 0.014648 0.018315
4 0.743408 0.054212 0.011230 0.010256
4 0.813232 0.187179 0.016113 0.019780