4 0.734863 0.126953 0.016602 0.029948
0 0.599854 0.456380 0.592285 0.428385
4 0.912842 0.384115 0.015137 0.013021
4 0.874512 0.334635 0.036133 0.016927
4 0.612305 0.106771 0.032227 0.039062
4 0.624512 0.038086 0.008789 0.021484
4 0.692139 0.031901 0.008301 0.032552
4 0.633301 0.009440 0.008789 0.018880
4 0.587402 0.004883 0.004883 0.009766
4 0.672363 0.119466 0.006836 0.020182
4 0.677246 0.142253 0.006836 0.018880
4 0.695068 0.123372 0.004395 0.014974
4 0.873779 0.332357 0.033691 0.021484
4 0.912354 0.383138 0.017090 0.014974
4 0.821289 0.637370 0.010742 0.023438
4 0.863037 0.698568 0.008301 0.022135
4 0.941895 0.749349 0.010742 0.022135