4 0.929199 0.177616 0.040039 0.034302
4 0.805908 0.880523 0.065918 0.105233
4 0.837891 0.248547 0.023438 0.028488
4 0.661621 0.368605 0.020508 0.025581
4 0.935059 0.138663 0.036133 0.026163
4 0.195068 0.529070 0.031738 0.034884
2 0.302490 0.438372 0.180176 0.101163
6 0.848389 0.726163 0.081543 0.032558
6 0.919678 0.680233 0.057129 0.030233
6 0.820557 0.758140 0.040527 0.027907
6 0.981689 0.751744 0.036621 0.024419
4 0.743164 0.241570 0.019531 0.019186
4 0.589600 0.355814 0.020020 0.013953
4 0.899170 0.218023 0.014160 0.034884
6 0.865479 0.588953 0.014160 0.043023
6 0.843994 0.634593 0.033691 0.029651
6 0.920410 0.631105 0.038086 0.029651
6 0.933350 0.650000 0.035645 0.023256
6 0.845215 0.579942 0.012695 0.028488
6 0.887939 0.595930 0.022949 0.027907
6 0.870850 0.745349 0.047363 0.030233
6 0.907471 0.710174 0.054199 0.027326
6 0.957275 0.727326 0.033691 0.026744
6 0.913818 0.745640 0.030762 0.027326
6 0.968994 0.769767 0.032715 0.032558
6 0.897705 0.637791 0.020020 0.030233
6 0.871094 0.620640 0.021484 0.022674