4 0.495117 0.317057 0.083984 0.076823
4 0.249756 0.405924 0.087402 0.057943
4 0.911621 0.751302 0.052734 0.061198
4 0.645264 0.616536 0.056152 0.057292
4 0.671387 0.875326 0.049805 0.055339
2 0.359863 0.395182 0.239258 0.378906
4 0.895508 0.633138 0.060547 0.074870
4 0.843750 0.625326 0.041016 0.069661
4 0.033447 0.243490 0.035645 0.067708
4 0.097412 0.204427 0.024902 0.044271
4 0.104492 0.844727 0.029297 0.027995
4 0.386230 0.632487 0.038086 0.025391
4 0.301270 0.711589 0.032227 0.022135
4 0.456299 0.813151 0.017090 0.024740
4 0.677002 0.750977 0.033691 0.095703
4 0.859863 0.551432 0.040039 0.046875
4 0.906494 0.557292 0.046387 0.065104
4 0.540771 0.045898 0.045410 0.047526
4 0.768799 0.109701 0.037598 0.055339
4 0.646484 0.189779 0.039062 0.052734
4 0.590088 0.370443 0.058105 0.055990
4 0.824707 0.236979 0.039062 0.062500
4 0.929199 0.238932 0.055664 0.078125
4 0.729248 0.243490 0.034668 0.052083
4 0.843262 0.090495 0.038086 0.052083
4 0.879639 0.340169 0.027832 0.068359
4 0.708008 0.333984 0.050781 0.049479
4 0.872803 0.255534 0.060059 0.059245
4 0.689941 0.293620 0.069336 0.087240
4 0.764893 0.469401 0.057129 0.065104
4 0.810059 0.415365 0.068359 0.052083
4 0.823730 0.492839 0.034180 0.058594
4 0.553955 0.132812 0.025879 0.052083
4 0.585205 0.780273 0.039551 0.057943