0 0.502930 0.469076 0.281250 0.130859
4 0.164307 0.675781 0.043457 0.028646
4 0.422363 0.750326 0.017578 0.009766
4 0.465088 0.750977 0.018066 0.009766
4 0.478027 0.803385 0.013672 0.014323
4 0.386230 0.834961 0.007812 0.022786
4 0.333740 0.938477 0.017090 0.063151
4 0.412842 0.660156 0.007324 0.011719
4 0.427246 0.624349 0.010742 0.010417
4 0.380127 0.624349 0.017090 0.013021
4 0.452393 0.647461 0.009277 0.004557
4 0.327881 0.611979 0.007324 0.014323
4 0.310791 0.596029 0.008301 0.009766
4 0.291748 0.611979 0.008301 0.011719
4 0.315430 0.635091 0.011719 0.008464
4 0.305664 0.656250 0.006836 0.007812
4 0.375488 0.692057 0.008789 0.009115
4 0.379395 0.699544 0.004883 0.009766
4 0.452637 0.558594 0.012695 0.013021
4 0.555176 0.607096 0.014648 0.011068
4 0.517578 0.662435 0.008789 0.008464
1 0.698730 0.637370 0.016602 0.027344
4 0.826660 0.545573 0.016602 0.013021
4 0.770508 0.567708 0.007812 0.010417
4 0.810303 0.507487 0.011230 0.011068
4 0.870361 0.479167 0.015137 0.011719
4 0.943848 0.468424 0.019531 0.009766
4 0.974121 0.444010 0.019531 0.014323
4 0.978516 0.433268 0.015625 0.007161
4 0.904541 0.430013 0.016113 0.012370
4 0.908691 0.403971 0.015625 0.009766
4 0.970459 0.224609 0.015137 0.018229
4 0.967529 0.129883 0.020996 0.008464
1 0.580322 0.174805 0.014160 0.016276
1 0.317871 0.025065 0.015625 0.014974
4 0.392578 0.374023 0.010742 0.011068
4 0.397461 0.291016 0.014648 0.010417
4 0.457520 0.326497 0.007812 0.008464
4 0.542725 0.294922 0.010254 0.006510
4 0.770264 0.386068 0.016113 0.013021
4 0.816162 0.459961 0.011230 0.018880
4 0.744141 0.450521 0.011719 0.014323