4 0.359863 0.165039 0.028320 0.039714
4 0.577881 0.019531 0.060059 0.039062
2 0.522461 0.459310 0.251953 0.102214
4 0.032959 0.156250 0.051270 0.036458
4 0.190674 0.553385 0.037598 0.028646
4 0.138916 0.584635 0.022949 0.020833
4 0.210693 0.555013 0.036621 0.016276
4 0.217773 0.577474 0.028320 0.013021
4 0.066162 0.694336 0.020996 0.025391
4 0.065674 0.631510 0.031738 0.029948
4 0.126953 0.359049 0.028320 0.027995
4 0.237305 0.298177 0.025391 0.013021
4 0.244629 0.315104 0.012695 0.019531
4 0.270508 0.287760 0.015625 0.016927
4 0.013672 0.377604 0.027344 0.014323
4 0.194336 0.335938 0.021484 0.011719
4 0.425293 0.594076 0.018555 0.012370
4 0.542725 0.413086 0.021973 0.017578
4 0.592529 0.420573 0.015137 0.015625
4 0.136963 0.161133 0.019043 0.025391
4 0.291748 0.174479 0.021973 0.011719
4 0.193115 0.194987 0.019043 0.012370
4 0.427979 0.927734 0.025879 0.019531