4 0.263916 0.148438 0.083496 0.063802
4 0.711670 0.454427 0.050293 0.066406
4 0.439941 0.505859 0.044922 0.053385
4 0.619141 0.068034 0.071289 0.059245
4 0.279297 0.357422 0.079102 0.074219
4 0.375732 0.198568 0.083496 0.078125
4 0.122559 0.507812 0.034180 0.089844
4 0.081543 0.281576 0.069336 0.060547
4 0.320312 0.182943 0.070312 0.079427
4 0.644043 0.608073 0.062500 0.110677
4 0.480469 0.594401 0.069336 0.058594
4 0.518555 0.124349 0.078125 0.055990
4 0.774658 0.492188 0.050293 0.062500
4 0.441895 0.867188 0.044922 0.095052
4 0.688232 0.044271 0.067871 0.037760
4 0.790771 0.425781 0.099121 0.080729
2 0.532227 0.325195 0.451172 0.298828
4 0.465820 0.086263 0.078125 0.060547
4 0.188232 0.498698 0.052246 0.041667
4 0.198730 0.223307 0.052734 0.042969
4 0.523438 0.636393 0.027344 0.056641
4 0.700439 0.378581 0.033691 0.020182
4 0.578125 0.408529 0.052734 0.039714
4 0.538330 0.451172 0.019043 0.066406
4 0.646729 0.018229 0.084473 0.036458
4 0.345947 0.134115 0.040527 0.032552