4 0.247314 0.548828 0.045410 0.089844
2 0.418945 0.406250 0.604492 0.688802
4 0.101074 0.561849 0.052734 0.108073
4 0.542725 0.910482 0.039551 0.052734
4 0.260498 0.047526 0.040527 0.066406
4 0.053711 0.452148 0.044922 0.068359
4 0.291748 0.855469 0.030762 0.065104
4 0.407227 0.095703 0.066406 0.063802
4 0.043945 0.595052 0.061523 0.085938
4 0.132812 0.833333 0.033203 0.065104
4 0.824219 0.484701 0.029297 0.035807
4 0.399658 0.823242 0.058105 0.041016
4 0.816895 0.686849 0.040039 0.045573
4 0.949707 0.972005 0.050781 0.052083
4 0.746094 0.861654 0.036133 0.042318
4 0.874756 0.597656 0.027832 0.066406
4 0.949707 0.702799 0.033203 0.030599
4 0.931885 0.518880 0.030762 0.046875
4 0.679688 0.041016 0.040039 0.057292
4 0.143311 0.076172 0.045410 0.044271
4 0.461914 0.632812 0.025391 0.035156
4 0.773682 0.616536 0.020020 0.049479