11 0.550781 0.089063 0.151562 0.178125
11 0.294531 0.207813 0.335938 0.262500
11 0.914844 0.742188 0.170313 0.103125
11 0.495312 0.355469 0.137500 0.123438
11 0.414062 0.128125 0.159375 0.175000
11 0.332813 0.322656 0.100000 0.098437
11 0.404687 0.827344 0.328125 0.192188
11 0.085938 0.476562 0.156250 0.090625
11 0.563281 0.509375 0.117188 0.168750
11 0.516406 0.089844 0.220312 0.179688
11 0.500781 0.248438 0.110937 0.115625
11 0.450781 0.406250 0.126562 0.084375
11 0.683594 0.753125 0.110937 0.062500
11 0.668750 0.066406 0.115625 0.132812
11 0.674219 0.174219 0.298438 0.107813
11 0.668750 0.293750 0.237500 0.171875
11 0.275781 0.054688 0.170313 0.109375
11 0.289844 0.434375 0.339062 0.075000
11 0.896875 0.503125 0.190625 0.187500
11 0.105469 0.043750 0.207813 0.081250
11 0.239063 0.526563 0.318750 0.118750
11 0.269531 0.667969 0.382812 0.142187
11 0.801562 0.616406 0.212500 0.126562
11 0.618750 0.811719 0.184375 0.139063
11 0.698438 0.542969 0.250000 0.110937
11 0.629687 0.676562 0.343750 0.146875
11 0.765625 0.868750 0.175000 0.181250
11 0.154688 0.775000 0.309375 0.159375
11 0.072656 0.900781 0.145313 0.151562
11 0.190625 0.861719 0.143750 0.101562
11 0.630469 0.973437 0.360938 0.053125