4 0.157005 0.443080 0.147343 0.046875
2 0.449275 0.504185 0.596618 0.291853
4 0.616546 0.327567 0.088164 0.026786
4 0.920290 0.395089 0.106280 0.042411
4 0.390700 0.355469 0.148551 0.031250
4 0.789855 0.417132 0.132850 0.048549
4 0.371981 0.323382 0.128019 0.020647
4 0.059179 0.377790 0.118357 0.034598
4 0.408816 0.294364 0.136473 0.022879
4 0.362319 0.269252 0.108696 0.019531
4 0.246377 0.260882 0.115942 0.016183
4 0.493357 0.329520 0.097826 0.037388
4 0.251812 0.397879 0.124396 0.031250
4 0.280797 0.383092 0.124396 0.031808
4 0.093599 0.270368 0.155797 0.028460