11 0.575000 0.734375 0.425000 0.228125
11 0.917188 0.035937 0.162500 0.071875
11 0.231250 0.381250 0.456250 0.171875
11 0.462500 0.089844 0.359375 0.179688
11 0.169531 0.561719 0.332813 0.173437
11 0.780469 0.898438 0.301563 0.203125
11 0.503906 0.936719 0.489063 0.126562
11 0.835156 0.721094 0.157812 0.185938
11 0.913281 0.407031 0.170313 0.123438
11 0.855469 0.263281 0.285938 0.192188
11 0.115625 0.838281 0.231250 0.323437
11 0.151562 0.227344 0.300000 0.310937
11 0.513281 0.549219 0.410938 0.242188
11 0.329688 0.777344 0.443750 0.239063
11 0.182812 0.063281 0.359375 0.126562
11 0.840625 0.101562 0.315625 0.168750
11 0.627344 0.173437 0.351562 0.137500
11 0.592969 0.323437 0.473438 0.190625
11 0.753125 0.491406 0.468750 0.164062
11 0.939844 0.694531 0.117188 0.298438