11 0.181641 0.365176 0.149219 0.199187
11 0.649219 0.264228 0.143750 0.200542
11 0.451562 0.287263 0.112500 0.257453
11 0.446484 0.514905 0.199219 0.186992
11 0.473047 0.750678 0.116406 0.336043
11 0.026562 0.385501 0.053125 0.315718
11 0.171484 0.577236 0.194531 0.330623
11 0.594922 0.535230 0.083594 0.146341
11 0.521875 0.890244 0.093750 0.149051
11 0.944141 0.707995 0.110156 0.185637
11 0.563672 0.968835 0.172656 0.062331
11 0.563281 0.682927 0.075000 0.333333
11 0.491797 0.422764 0.167969 0.121951
11 0.646094 0.487805 0.118750 0.140921
11 0.676562 0.655149 0.100000 0.090786
11 0.870703 0.567751 0.177344 0.162602
11 0.227344 0.848916 0.157812 0.302168
11 0.913281 0.468157 0.173437 0.226287
11 0.260547 0.163279 0.124219 0.166667
11 0.954688 0.884824 0.089063 0.224932
11 0.104688 0.908537 0.132812 0.177507
11 0.241406 0.292005 0.065625 0.128726
11 0.562109 0.090108 0.071094 0.180217
11 0.822266 0.306911 0.114844 0.310298
11 0.375000 0.178184 0.110937 0.223577
11 0.253125 0.068428 0.109375 0.136856
11 0.403516 0.909214 0.164844 0.178862
11 0.325781 0.705285 0.145313 0.415989
11 0.476953 0.096883 0.160156 0.193767
11 0.733594 0.863144 0.070312 0.089431
11 0.133203 0.298780 0.182031 0.280488
11 0.789062 0.689702 0.251563 0.333333
11 0.703516 0.321816 0.158594 0.242547
11 0.707031 0.891599 0.046875 0.073171
11 0.319922 0.351626 0.146094 0.353659
11 0.750781 0.488482 0.114062 0.134146
11 0.139453 0.777100 0.069531 0.131436