4 0.791016 0.611328 0.149414 0.266927
4 0.836670 0.358398 0.292480 0.184245
4 0.325928 0.091471 0.260254 0.179036
4 0.479736 0.283203 0.265137 0.161458
4 0.216064 0.824870 0.145996 0.348958
8 0.410645 0.457031 0.432617 0.212240
4 0.036133 0.274740 0.072266 0.158854
4 0.025635 0.068359 0.051270 0.136719
4 0.718262 0.208659 0.293945 0.175130
4 0.117676 0.149089 0.155273 0.192708
4 0.053711 0.552734 0.107422 0.184896
4 0.956787 0.572591 0.086426 0.275391
4 0.476562 0.058919 0.158203 0.117839
4 0.845703 0.037435 0.088867 0.074870
4 0.607178 0.119792 0.062988 0.156250
4 0.967041 0.081706 0.065918 0.163411