11 0.156901 0.795085 0.300781 0.362956
11 0.494141 0.037272 0.450087 0.073893
11 0.172309 0.439128 0.339410 0.249349
11 0.581380 0.693848 0.494358 0.195638
11 0.816840 0.073568 0.366319 0.147135
11 0.117622 0.141602 0.226562 0.279297
11 0.121094 0.953451 0.236979 0.093099
11 0.327474 0.179688 0.432726 0.244792
11 0.947266 0.280599 0.105469 0.303385
11 0.858290 0.762207 0.283420 0.204753
11 0.912543 0.603027 0.174913 0.124674
11 0.517361 0.430990 0.431424 0.278646
11 0.560330 0.240560 0.460069 0.255859
11 0.236328 0.635579 0.468316 0.189779
11 0.841797 0.924316 0.316406 0.151367
11 0.836372 0.248210 0.161458 0.232747
11 0.630859 0.854655 0.350260 0.163086
11 0.738932 0.512533 0.491753 0.191081
11 0.433377 0.915202 0.314670 0.169596