4 0.453125 0.504883 0.072266 0.093099
4 0.355225 0.047201 0.022949 0.037109
4 0.096924 0.727539 0.043457 0.091797
4 0.208984 0.248372 0.028320 0.033203
4 0.555664 0.191406 0.028320 0.028646
4 0.538086 0.261393 0.012695 0.013672
4 0.325195 0.322917 0.028320 0.028646
4 0.421631 0.199219 0.018066 0.028646
4 0.302246 0.293294 0.014648 0.021484
4 0.374268 0.776042 0.022949 0.028646
4 0.453125 0.477865 0.029297 0.028646
4 0.781738 0.816732 0.050781 0.047526
4 0.098145 0.794922 0.037109 0.028646
4 0.299316 0.663086 0.018555 0.013672
4 0.456055 0.696289 0.018555 0.013672
4 0.341797 0.529622 0.010742 0.021484
4 0.370605 0.252930 0.028320 0.043620
4 0.228760 0.175130 0.020020 0.018229
4 0.259277 0.135417 0.011719 0.018229
4 0.286865 0.133138 0.011230 0.014974
4 0.252197 0.168945 0.009277 0.014974
4 0.683594 0.366862 0.012695 0.012370
4 0.757324 0.366862 0.016602 0.012370
4 0.636719 0.399740 0.016602 0.013021
4 0.698730 0.424479 0.037109 0.033854
4 0.554932 0.472005 0.017090 0.022135
4 0.440918 0.529948 0.036133 0.032552
4 0.802002 0.770833 0.020996 0.032552