4 0.887500 0.329897 0.026316 0.054983
4 0.454934 0.286082 0.051974 0.051546
4 0.468750 0.380584 0.025658 0.024055
4 0.565789 0.353522 0.026316 0.026632
4 0.754605 0.500430 0.052632 0.038660
4 0.059539 0.446306 0.061184 0.054124
4 0.246382 0.383162 0.033553 0.097938
2 0.474342 0.551546 0.564474 0.256014
4 0.074671 0.165378 0.030921 0.018041
4 0.041118 0.292955 0.030921 0.048110
4 0.061842 0.271048 0.048684 0.033505
4 0.027632 0.106100 0.028947 0.021478
4 0.239474 0.287371 0.021053 0.012887
4 0.233224 0.301976 0.021711 0.009450
4 0.329605 0.141323 0.017105 0.040378
4 0.342434 0.338918 0.023026 0.021478
4 0.358553 0.205326 0.021053 0.015464
4 0.379276 0.393041 0.016447 0.014605
4 0.417763 0.307990 0.015789 0.021478
4 0.362171 0.268900 0.013816 0.022337
4 0.457237 0.253007 0.023684 0.012887
4 0.416118 0.368127 0.020395 0.014605
4 0.101974 0.335052 0.028947 0.022337
4 0.412171 0.070447 0.009868 0.022337
4 0.291776 0.432131 0.016447 0.020619
4 0.399342 0.427405 0.015789 0.018041
4 0.432237 0.426976 0.030263 0.013746
4 0.258224 0.469931 0.020395 0.013746
4 0.347368 0.058419 0.018421 0.036082
4 0.619408 0.057990 0.015132 0.054124
4 0.814803 0.333333 0.020395 0.051546
4 0.763816 0.570876 0.017105 0.050687
4 0.638158 0.662371 0.014474 0.034364
4 0.771382 0.817010 0.019079 0.036082
4 0.518421 0.910223 0.023684 0.026632
4 0.163158 0.672251 0.040789 0.026632
4 0.251316 0.054124 0.027632 0.017182
4 0.272039 0.027921 0.028289 0.021478