4 0.566800 0.170107 0.080849 0.072630
4 0.739106 0.439220 0.144495 0.107798
4 0.089450 0.545872 0.106651 0.064220
4 0.524083 0.289373 0.076835 0.052752
9 0.351778 0.557339 0.337729 0.211009
4 0.436067 0.336009 0.100344 0.110856
4 0.058773 0.456422 0.043005 0.045872
4 0.919151 0.172783 0.028670 0.030581
4 0.838303 0.101682 0.052752 0.068807
4 0.837156 0.071101 0.030963 0.033639
4 0.858085 0.027905 0.025803 0.032875
4 0.810206 0.078364 0.038991 0.075688
4 0.739392 0.213303 0.018922 0.022936
4 0.343463 0.402905 0.107798 0.102446
4 0.174599 0.458716 0.076261 0.091743
4 0.019495 0.776376 0.035550 0.152141