4 0.525893 0.346549 0.350596 0.459888
0 0.233299 0.121735 0.322631 0.243470
0 0.038063 0.191698 0.070948 0.165112
0 0.097618 0.305037 0.116520 0.141791
0 0.260228 0.318097 0.208700 0.223881
0 0.440963 0.214552 0.255308 0.399254
0 0.552305 0.335821 0.297773 0.429104
0 0.795961 0.518657 0.276541 0.488806
0 0.314604 0.859142 0.280166 0.281716
0 0.531331 0.536381 0.266183 0.330224
0 0.248317 0.451959 0.114448 0.165112
0 0.728638 0.810634 0.309684 0.378731
0 0.958053 0.593284 0.083894 0.348881
0 0.945624 0.307369 0.108752 0.278918
0 0.840238 0.132463 0.319524 0.264925
0 0.651476 0.117071 0.065251 0.234142
0 0.746504 0.307369 0.229415 0.387127
0 0.500777 0.895989 0.107716 0.208022