2 0.502930 0.546852 0.728516 0.595900
4 0.052734 0.096266 0.028320 0.025622
4 0.058105 0.240117 0.030273 0.033675
4 0.143555 0.237189 0.033203 0.038067
4 0.091553 0.276354 0.026855 0.032943
4 0.196777 0.259151 0.028320 0.029283
4 0.251221 0.292460 0.025879 0.028551
4 0.741943 0.223280 0.025879 0.071742
4 0.745605 0.312225 0.025391 0.057833
4 0.688965 0.222914 0.020508 0.054905
4 0.710205 0.965227 0.032715 0.069546
4 0.878662 0.874817 0.029785 0.083455
4 0.820801 0.469253 0.039062 0.055637
4 0.068359 0.432284 0.029297 0.028551