2 0.473252 0.386930 0.603647 0.399392
4 0.260790 0.736778 0.223708 0.161702
4 0.445289 0.870213 0.207295 0.074772
4 0.456535 0.528875 0.111854 0.055927
4 0.611854 0.580243 0.093009 0.043161
6 0.829179 0.611550 0.070517 0.148328
6 0.660790 0.678419 0.096049 0.124012
6 0.660790 0.743465 0.086322 0.098480
6 0.258359 0.944985 0.151976 0.110030
6 0.568997 0.929179 0.041337 0.141641
6 0.177508 0.747720 0.141033 0.128875
6 0.194529 0.533739 0.109422 0.124012
6 0.072948 0.483283 0.085106 0.076596
6 0.392097 0.076900 0.031611 0.096657
6 0.071125 0.087234 0.093617 0.058967
6 0.226140 0.263526 0.105775 0.084498