4 0.175537 0.304204 0.074707 0.075959
4 0.334717 0.195428 0.088379 0.092920
4 0.796875 0.198746 0.059570 0.098083
4 0.761475 0.953171 0.105957 0.090708
4 0.608887 0.276917 0.052734 0.136431
4 0.028076 0.242994 0.056152 0.124631
4 0.023682 0.170354 0.047363 0.103245
4 0.664795 0.498156 0.032715 0.058260
4 0.643799 0.943953 0.101074 0.075221
2 0.411377 0.656711 0.677246 0.550885
4 0.547607 0.189159 0.062012 0.132006
4 0.824951 0.251844 0.089355 0.062684
4 0.769775 0.376106 0.063965 0.094395
4 0.666260 0.070796 0.028809 0.050147
4 0.534424 0.321534 0.035645 0.084071
4 0.416016 0.410398 0.074219 0.043510
4 0.461426 0.398230 0.026367 0.066372
4 0.769775 0.528761 0.017090 0.058997
4 0.275879 0.111357 0.056641 0.041298
4 0.533691 0.144912 0.037109 0.080383