4 0.579705 0.058036 0.067649 0.033929
2 0.510047 0.478125 0.678500 0.347321
4 0.472539 0.621875 0.469524 0.241964
4 0.983255 0.202679 0.026792 0.026786
4 0.700938 0.016964 0.023443 0.016071
4 0.937040 0.193750 0.025452 0.026786
4 0.607502 0.216071 0.028131 0.021429
4 0.528131 0.110714 0.024782 0.025000
4 0.551239 0.089286 0.026792 0.026786
4 0.927997 0.117857 0.023443 0.017857
4 0.030810 0.664732 0.025452 0.024107
4 0.184528 0.048661 0.034159 0.020536
4 0.209645 0.035268 0.018754 0.029464
4 0.175486 0.083482 0.029471 0.020536
4 0.232753 0.147321 0.032820 0.017857
4 0.318486 0.128125 0.020764 0.020536
4 0.380777 0.116071 0.016745 0.017857
4 0.057937 0.062054 0.019424 0.031250
4 0.743804 0.125000 0.016745 0.016071
4 0.531480 0.220982 0.023443 0.024107
4 0.446417 0.021429 0.031480 0.016071