4 0.558679 0.416260 0.116655 0.068848
4 0.728742 0.324707 0.106817 0.068359
4 0.343640 0.620850 0.067463 0.057129
4 0.347505 0.682617 0.118763 0.070312
4 0.327829 0.757568 0.055517 0.058105
4 0.620169 0.444092 0.114547 0.062988
4 0.504919 0.526611 0.121574 0.075684
4 0.406887 0.549316 0.099789 0.062500
4 0.413212 0.618652 0.071680 0.051758
4 0.702038 0.296143 0.066058 0.060059
4 0.643008 0.370117 0.075896 0.054688
4 0.450457 0.480225 0.147576 0.076660
4 0.461349 0.506592 0.063949 0.039551
4 0.230850 0.799072 0.059733 0.049316
4 0.246662 0.818604 0.050597 0.034668
4 0.161982 0.866943 0.052706 0.028809