4 0.278564 0.358674 0.021973 0.048083
2 0.599609 0.435673 0.228516 0.286550
4 0.282471 0.219298 0.024902 0.024042
4 0.312012 0.245614 0.016602 0.027290
4 0.140625 0.468486 0.014648 0.033788
4 0.428467 0.275179 0.012207 0.012346
4 0.274414 0.436647 0.019531 0.023392
4 0.347168 0.439571 0.009766 0.017544
4 0.679688 0.026966 0.027344 0.018843
4 0.649902 0.189084 0.014648 0.044185
4 0.373291 0.159194 0.013184 0.028590
4 0.396484 0.371345 0.007812 0.008447
4 0.423584 0.367446 0.007324 0.007147
4 0.429932 0.358350 0.006348 0.008447
4 0.469727 0.342755 0.004883 0.007147
4 0.512207 0.385965 0.006836 0.006498
4 0.497803 0.371345 0.006348 0.005848