8 0.828369 0.930932 0.070801 0.033051
4 0.731445 0.903814 0.033203 0.036441
0 0.497314 0.739407 0.122559 0.090678
0 0.528809 0.637288 0.111328 0.089831
0 0.316162 0.722881 0.148926 0.098305
0 0.635498 0.619915 0.112793 0.095763
4 0.488037 0.640678 0.113770 0.091525
4 0.975830 0.824153 0.028809 0.041525
0 0.709229 0.756356 0.103027 0.112712
0 0.347168 0.699153 0.104492 0.084746
4 0.873535 0.888136 0.018555 0.032203
4 0.821289 0.980508 0.013672 0.025424
4 0.741699 0.945763 0.011719 0.025424
0 0.365479 0.825847 0.115723 0.105932
0 0.116455 0.446186 0.133301 0.088983
0 0.228027 0.504661 0.137695 0.087288
0 0.343750 0.573729 0.100586 0.062712
0 0.367432 0.570339 0.116699 0.072881
0 0.358887 0.642373 0.126953 0.081356
4 0.418701 0.758898 0.074707 0.122881
0 0.786377 0.539831 0.089355 0.066102
0 0.768311 0.783475 0.062988 0.080508
0 0.820557 0.715254 0.089355 0.083051
0 0.893799 0.634746 0.067871 0.066102
4 0.864990 0.557203 0.055176 0.077119
0 0.773926 0.657627 0.081055 0.055932
4 0.851562 0.613983 0.052734 0.050000
0 0.616455 0.747034 0.116699 0.095763
0 0.643555 0.699153 0.112305 0.066102
4 0.020264 0.600424 0.016113 0.014407