6 0.238037 0.578388 0.130371 0.116484
6 0.110107 0.316117 0.075684 0.117949
6 0.502441 0.583150 0.060547 0.120147
6 0.440918 0.774359 0.097656 0.060073
6 0.091064 0.490476 0.086426 0.063736
6 0.721924 0.164835 0.082520 0.096703
6 0.443115 0.891941 0.110840 0.160440
6 0.274414 0.679853 0.074219 0.104029
6 0.125732 0.712454 0.097168 0.153114
6 0.520996 0.530769 0.110352 0.079853
6 0.158447 0.149084 0.089355 0.091575
6 0.018311 0.220513 0.035645 0.079121
6 0.406006 0.970696 0.122559 0.058608
6 0.628662 0.326740 0.036621 0.086447
6 0.566650 0.053114 0.067871 0.095971
6 0.973389 0.065568 0.048340 0.076923