4 0.722168 0.254557 0.106445 0.074219
0 0.417969 0.337565 0.463867 0.279297
4 0.842285 0.184896 0.143555 0.067708
4 0.845215 0.797852 0.308594 0.374349
4 0.464844 0.739583 0.275391 0.175781
0 0.588379 0.555664 0.471680 0.257161
0 0.154785 0.642253 0.295898 0.152995
4 0.884033 0.321615 0.120605 0.054688
4 0.289551 0.073568 0.084961 0.082031
4 0.525879 0.050130 0.096680 0.055990
4 0.793945 0.083008 0.112305 0.055339
4 0.925293 0.259766 0.125000 0.084635
4 0.962158 0.102865 0.073730 0.063802
4 0.240723 0.098307 0.076172 0.065104
4 0.328857 0.481771 0.259277 0.123698
4 0.674316 0.032552 0.109375 0.057292
4 0.471191 0.652995 0.321289 0.164062
4 0.141113 0.391602 0.281250 0.172526
0 0.069580 0.262695 0.139160 0.152995
4 0.652832 0.753255 0.125977 0.141927
4 0.224121 0.216797 0.072266 0.045573
4 0.292236 0.254883 0.054199 0.041016
4 0.323730 0.236003 0.059570 0.025391
4 0.175049 0.270182 0.049316 0.032552
4 0.145020 0.159180 0.083008 0.048828
4 0.419922 0.118164 0.071289 0.050130
4 0.515381 0.117188 0.083496 0.050781
4 0.617920 0.138346 0.110840 0.050130
4 0.733643 0.183268 0.107910 0.060547
4 0.921143 0.064453 0.141113 0.054688
4 0.719727 0.122721 0.120117 0.047526
4 0.983154 0.203451 0.033691 0.054036
4 0.355469 0.143555 0.068359 0.037109
4 0.083984 0.024089 0.088867 0.048177
4 0.272461 0.135091 0.097656 0.047526
4 0.483154 0.195312 0.070801 0.050781
4 0.568604 0.163086 0.089355 0.048828
4 0.591553 0.205078 0.070801 0.052083
4 0.649902 0.195312 0.071289 0.053385
4 0.490234 0.033529 0.043945 0.033203
4 0.411133 0.061849 0.047852 0.029948
4 0.350098 0.081055 0.076172 0.054036
4 0.166260 0.027344 0.062988 0.036458
4 0.187012 0.221680 0.055664 0.025391
4 0.175049 0.198568 0.052246 0.029948
4 0.163574 0.125977 0.041992 0.027995
4 0.040039 0.102539 0.065430 0.042318
4 0.101318 0.083984 0.074707 0.033854
4 0.069580 0.061523 0.084473 0.052734
4 0.321777 0.201823 0.035156 0.023438
4 0.279053 0.210286 0.033691 0.026042
4 0.204102 0.147786 0.050781 0.042969
4 0.106445 0.128906 0.060547 0.036458
4 0.612793 0.027669 0.053711 0.033203
4 0.456543 0.036784 0.031250 0.026693
4 0.462402 0.063151 0.028320 0.032552
4 0.449707 0.008138 0.057617 0.016276
4 0.569824 0.101562 0.088867 0.046875
4 0.686035 0.096680 0.057617 0.018880
4 0.979980 0.015299 0.040039 0.030599
4 0.958496 0.031901 0.083008 0.057292
4 0.894287 0.033203 0.055176 0.037760
4 0.822998 0.029948 0.059082 0.027344
4 0.800293 0.278971 0.047852 0.041016
4 0.989258 0.308919 0.021484 0.030599
4 0.990967 0.387044 0.018066 0.030599
4 0.699951 0.308594 0.042480 0.023438
4 0.783936 0.323242 0.044434 0.027995
4 0.743896 0.328776 0.067871 0.036458
4 0.691406 0.332682 0.046875 0.027344
4 0.758301 0.357747 0.092773 0.055339
4 0.709961 0.362956 0.068359 0.047526
4 0.741211 0.417318 0.084961 0.061198
4 0.706299 0.425456 0.053223 0.041016
4 0.820068 0.409180 0.072754 0.038411
4 0.824707 0.370117 0.044922 0.030599
4 0.670654 0.264648 0.080566 0.042318
4 0.833252 0.508464 0.051270 0.049479
4 0.956787 0.522786 0.080566 0.053385
4 0.967773 0.470703 0.064453 0.039062
4 0.940186 0.449219 0.043457 0.026042
4 0.885010 0.435221 0.030762 0.016276
4 0.861816 0.487305 0.083984 0.073568
4 0.903076 0.537760 0.075684 0.054688
4 0.857666 0.548177 0.080566 0.069010