8 0.250000 0.685356 0.097046 0.230871
4 0.297468 0.430079 0.111814 0.047493
4 0.464135 0.483509 0.082278 0.146438
4 0.556435 0.238127 0.047468 0.064644
4 0.613397 0.220317 0.064346 0.031662
4 0.774789 0.298153 0.079114 0.113456
4 0.734177 0.367414 0.061181 0.059367
4 0.373418 0.476253 0.046414 0.034301
4 0.803270 0.624670 0.062236 0.043536
4 0.597574 0.498681 0.079114 0.029024
4 0.624473 0.431398 0.027426 0.018470
4 0.615506 0.476913 0.028481 0.030343
4 0.476793 0.148417 0.094937 0.056728
4 0.441456 0.174142 0.062236 0.229551
4 0.919831 0.078496 0.080169 0.077836