4 0.817383 0.452474 0.080078 0.054688
4 0.593262 0.975911 0.092773 0.048177
2 0.503174 0.472005 0.211426 0.407552
4 0.182617 0.511719 0.038086 0.016927
4 0.717285 0.816406 0.031250 0.036458
4 0.962646 0.733398 0.038574 0.033203
4 0.941406 0.885417 0.047852 0.033854
4 0.953613 0.822266 0.045898 0.039062
4 0.842285 0.759766 0.031250 0.026042
4 0.751709 0.827474 0.024902 0.041667
4 0.959473 0.770182 0.019531 0.039062
4 0.857910 0.391602 0.024414 0.022786
4 0.595947 0.215495 0.025879 0.015625
4 0.687744 0.273112 0.016113 0.018880
4 0.771240 0.384440 0.016113 0.014974
4 0.533936 0.087891 0.018066 0.016927
4 0.442383 0.118490 0.022461 0.029948
4 0.563721 0.094727 0.025879 0.016276