0 0.853516 0.505128 0.155273 0.094505
0 0.604492 0.551282 0.132812 0.088645
0 0.519043 0.689011 0.170898 0.158974
0 0.775879 0.752015 0.090820 0.071062
0 0.391357 0.665201 0.117676 0.067399
0 0.645264 0.690110 0.116699 0.111355
4 0.209229 0.615751 0.067871 0.060806
0 0.586914 0.451648 0.201172 0.139927
4 0.927734 0.242491 0.144531 0.123077
0 0.723389 0.410623 0.151855 0.097436
0 0.461670 0.610989 0.098145 0.058608
0 0.294678 0.592308 0.075684 0.084249
0 0.404297 0.515018 0.098633 0.068864
0 0.334717 0.502930 0.060059 0.037363
0 0.224121 0.489377 0.136719 0.084982
0 0.203613 0.561905 0.101562 0.067399
0 0.475098 0.564469 0.070312 0.052015
4 0.480225 0.538095 0.034668 0.016850
0 0.516357 0.804762 0.129395 0.138462
4 0.859131 0.709524 0.026855 0.119414
0 0.807861 0.590476 0.137207 0.083516
0 0.932129 0.588278 0.117188 0.074725
0 0.943115 0.502930 0.069824 0.072527
0 0.737305 0.519414 0.090820 0.058608