0 0.565430 0.622070 0.159180 0.095703
0 0.734863 0.672852 0.156250 0.110026
0 0.208740 0.566081 0.160645 0.189453
0 0.438965 0.540365 0.213867 0.144531
0 0.598633 0.437174 0.236328 0.145182
0 0.772461 0.506185 0.296875 0.167318
0 0.072021 0.211589 0.144043 0.227865
0 0.098389 0.432943 0.106934 0.088542
4 0.269043 0.446615 0.078125 0.084635
4 0.255127 0.517578 0.099121 0.080729
0 0.484863 0.635417 0.132812 0.079427
4 0.330322 0.661784 0.080566 0.089193
0 0.881836 0.682292 0.129883 0.119792
4 0.604248 0.561523 0.128418 0.082682
4 0.337891 0.599935 0.086914 0.074870