5 0.773193 0.318034 0.062988 0.038411
4 0.775146 0.853190 0.068848 0.054036
5 0.895996 0.359701 0.067383 0.030599
2 0.707764 0.551107 0.583496 0.380859
5 0.084229 0.458333 0.084473 0.067708
5 0.030518 0.472656 0.061035 0.039062
5 0.082764 0.510091 0.079590 0.047526
4 0.262939 0.454102 0.019043 0.030599
4 0.447266 0.387044 0.015625 0.024089
5 0.911133 0.232096 0.047852 0.026693
5 0.865234 0.252604 0.047852 0.027344
5 0.971924 0.281576 0.047363 0.021484
5 0.963867 0.295247 0.040039 0.017578
5 0.976074 0.314453 0.047852 0.023438
5 0.976807 0.335938 0.045410 0.022135
5 0.980225 0.357096 0.039551 0.024089
5 0.932129 0.354818 0.046875 0.026042
5 0.927002 0.312174 0.044434 0.020182
5 0.894043 0.281250 0.061523 0.027344
5 0.776367 0.289714 0.024414 0.018229
5 0.867920 0.233724 0.034668 0.015625
5 0.888916 0.310872 0.040527 0.024089
5 0.859131 0.310547 0.028809 0.019531
4 0.975830 0.425456 0.022949 0.047526
5 0.788818 0.242513 0.034668 0.020182
5 0.778320 0.263672 0.037109 0.020833
5 0.839111 0.224935 0.035645 0.014974
5 0.843018 0.231120 0.022949 0.015625
6 0.928711 0.955078 0.064453 0.066406