0 0.274500 0.309084 0.248000 0.131640
0 0.403750 0.565050 0.225500 0.209392
0 0.171750 0.123557 0.272500 0.190146
0 0.157500 0.417629 0.247000 0.177829
0 0.210500 0.869900 0.111000 0.137028
0 0.434000 0.892225 0.244000 0.192456
0 0.288500 0.111624 0.124000 0.166282
0 0.432000 0.237490 0.126000 0.234796
0 0.547750 0.339877 0.172500 0.167052
4 0.637500 0.539261 0.182000 0.140878
4 0.642000 0.794072 0.158000 0.187067
4 0.811500 0.784450 0.088000 0.235566
0 0.287250 0.521170 0.122500 0.197075
4 0.381250 0.117783 0.040500 0.138568
0 0.050000 0.487683 0.089000 0.183988
4 0.249250 0.249423 0.193500 0.104696
0 0.472250 0.448422 0.221500 0.110085