4 0.251465 0.357236 0.017578 0.021415
2 0.540527 0.450357 0.643555 0.299805
4 0.411133 0.716093 0.118164 0.101882
4 0.708252 0.781635 0.196777 0.135626
1 0.473633 0.658339 0.042969 0.104478
4 0.170898 0.521415 0.061523 0.048670
4 0.197510 0.325762 0.014160 0.020766
1 0.564453 0.660934 0.018555 0.061648
1 0.708008 0.616483 0.022461 0.081765
1 0.746338 0.638546 0.040527 0.081765
1 0.772217 0.559377 0.035645 0.073978
1 0.805176 0.579494 0.021484 0.075276
1 0.888916 0.807917 0.048340 0.085659
1 0.850098 0.615185 0.017578 0.070084
1 0.975830 0.592797 0.039551 0.077223
1 0.910889 0.876055 0.038574 0.076574
1 0.986084 0.814082 0.027832 0.077223
1 0.624023 0.617132 0.036133 0.036340
1 0.873779 0.587930 0.016113 0.057106
1 0.896973 0.577872 0.025391 0.068138
1 0.900391 0.596042 0.033203 0.066840
1 0.941406 0.755029 0.018555 0.081116
1 0.949463 0.904283 0.025879 0.104478
1 0.743408 0.719014 0.042480 0.054510
1 0.978516 0.676509 0.026367 0.072031
4 0.325684 0.661259 0.042969 0.054510
4 0.668457 0.159961 0.015625 0.025308
4 0.317871 0.211875 0.013672 0.020117
4 0.351807 0.125892 0.018066 0.015574
4 0.288330 0.160286 0.011230 0.023361
4 0.426025 0.126217 0.013184 0.014925
4 0.300537 0.051914 0.013184 0.023361
4 0.574707 0.267683 0.015625 0.013628
4 0.054443 0.087930 0.023926 0.012330
4 0.013184 0.188189 0.023438 0.011681
4 0.520508 0.012654 0.007812 0.007138
4 0.544922 0.039260 0.007812 0.011032
4 0.567383 0.020766 0.007812 0.011681
4 0.502441 0.134653 0.011719 0.007138
4 0.669189 0.118754 0.016113 0.011681
4 0.535889 0.198897 0.005371 0.008436
4 0.639648 0.243997 0.003906 0.011681
4 0.785156 0.119727 0.007812 0.007138
4 0.827881 0.120052 0.005371 0.007787
4 0.912598 0.104478 0.005859 0.014276
4 0.917236 0.081441 0.006348 0.008436
4 0.888184 0.236859 0.005859 0.014276
4 0.781738 0.212200 0.008789 0.010383
4 0.831543 0.203439 0.007812 0.014925
4 0.903320 0.154770 0.009766 0.007138
4 0.919678 0.202141 0.007324 0.005840
4 0.960938 0.231668 0.004883 0.011681
4 0.981201 0.165152 0.003418 0.007138
4 0.250732 0.076898 0.010254 0.014925
4 0.264648 0.032446 0.014648 0.007787
4 0.248291 0.006165 0.009277 0.012330
4 0.130615 0.012654 0.019043 0.008436
4 0.083252 0.031473 0.019043 0.011032
4 0.088135 0.113887 0.020020 0.008436
4 0.101562 0.229721 0.007812 0.007787
4 0.170166 0.287476 0.013184 0.011681
4 0.190918 0.192732 0.005859 0.011681
4 0.158203 0.039909 0.006836 0.005840
4 0.075684 0.086957 0.011719 0.007787
4 0.033936 0.019792 0.008301 0.012330
4 0.052490 0.235561 0.012207 0.011681
4 0.186035 0.230370 0.006836 0.011681
4 0.184570 0.262167 0.007812 0.006489
4 0.199219 0.289422 0.001953 0.007787
4 0.267578 0.234912 0.003906 0.009085
4 0.245361 0.153796 0.005371 0.009085
4 0.235352 0.260545 0.004883 0.007138
4 0.348389 0.179104 0.009277 0.005191
4 0.361816 0.146982 0.006836 0.016223
4 0.501953 0.086308 0.004883 0.007787
4 0.539062 0.099286 0.002930 0.009085
4 0.622559 0.085659 0.004883 0.010383
4 0.586426 0.115185 0.002930 0.012330
4 0.688477 0.048670 0.004883 0.020766
4 0.674805 0.042180 0.009766 0.010383
4 0.634033 0.058079 0.004395 0.007138
4 0.679199 0.118430 0.005859 0.012330
4 0.871826 0.256003 0.004395 0.014925