8 0.470947 0.573893 0.379395 0.378255
4 0.096680 0.098633 0.049805 0.055339
4 0.278564 0.347005 0.066895 0.066406
4 0.184814 0.865885 0.040527 0.062500
4 0.180664 0.345378 0.009766 0.009766
4 0.203369 0.412435 0.005371 0.008464
4 0.267578 0.317057 0.007812 0.010417
4 0.305176 0.286784 0.006836 0.009766
4 0.341797 0.320964 0.004883 0.013021
4 0.367432 0.291341 0.010254 0.011068
4 0.432861 0.240234 0.009277 0.015625
4 0.246338 0.428385 0.009277 0.037760
4 0.387207 0.437500 0.023438 0.020833
4 0.201660 0.523763 0.012695 0.034505
4 0.428711 0.416667 0.085938 0.096354
4 0.644531 0.591146 0.085938 0.151042
4 0.352051 0.074219 0.036133 0.032552
4 0.384766 0.219401 0.025391 0.015625
4 0.467041 0.176107 0.008301 0.020182
4 0.474121 0.204753 0.009766 0.016276
4 0.520020 0.229818 0.007812 0.015625
4 0.531250 0.145508 0.009766 0.017578
4 0.603516 0.181641 0.017578 0.013021
4 0.649414 0.187500 0.015625 0.016927
4 0.676025 0.124023 0.015137 0.016276
4 0.756836 0.187500 0.011719 0.019531
4 0.633545 0.279948 0.015137 0.011719