5 0.555176 0.581319 0.109375 0.072527
5 0.474609 0.566667 0.124023 0.078388
5 0.981201 0.442857 0.036621 0.076923
4 0.016602 0.398535 0.033203 0.073260
5 0.294189 0.563370 0.142090 0.093773
5 0.942627 0.589377 0.111816 0.056410
5 0.587646 0.399267 0.132324 0.139194
5 0.538086 0.458608 0.158203 0.086447
5 0.824707 0.540659 0.108398 0.112821
5 0.315430 0.347253 0.205078 0.136264
5 0.940918 0.820879 0.118164 0.101832
5 0.889648 0.493040 0.054688 0.123077
5 0.493652 0.361905 0.129883 0.114286
5 0.737305 0.494505 0.172852 0.108425
4 0.116211 0.254212 0.097656 0.064469
4 0.529053 0.168132 0.078613 0.060806
5 0.395020 0.632967 0.082031 0.083516
5 0.485352 0.489377 0.123047 0.152381
5 0.630371 0.529304 0.174805 0.132601
5 0.691895 0.361905 0.121094 0.079121
5 0.181885 0.387179 0.210449 0.169231
5 0.313721 0.626007 0.139160 0.101832
5 0.775146 0.394505 0.102051 0.115018
5 0.288086 0.466300 0.201172 0.101832
9 0.806396 0.666300 0.208496 0.154579
5 0.682373 0.441392 0.084473 0.073993
5 0.888916 0.446154 0.141113 0.076190
5 0.839355 0.416117 0.078125 0.104029
5 0.905029 0.557509 0.105957 0.070330
5 0.737793 0.563736 0.080078 0.060806
5 0.384766 0.550183 0.038086 0.060073
5 0.382080 0.491575 0.104980 0.082051
5 0.201172 0.573260 0.118164 0.100366
5 0.236572 0.533333 0.116699 0.049817