3 0.468750 0.461970 0.649167 0.664589
4 0.040833 0.560474 0.025000 0.011222
4 0.070417 0.640274 0.022500 0.016209
4 0.054583 0.454489 0.015833 0.013716
4 0.034167 0.330424 0.020000 0.009975
4 0.087917 0.309227 0.025833 0.007481
4 0.113333 0.423317 0.016667 0.011222
4 0.046667 0.384040 0.010000 0.004988
4 0.140417 0.435162 0.017500 0.009975
4 0.072083 0.527431 0.012500 0.004988
4 0.102917 0.580424 0.012500 0.006234
4 0.223333 0.384040 0.023333 0.007481
4 0.237500 0.353491 0.011667 0.013716
4 0.214167 0.553616 0.011667 0.004988
4 0.300833 0.554863 0.018333 0.012469
4 0.263750 0.500623 0.014167 0.016209
4 0.269583 0.476309 0.009167 0.007481