4 0.127500 0.860973 0.255000 0.165835
4 0.632500 0.099127 0.066667 0.103491
4 0.447917 0.306110 0.107500 0.103491
4 0.969583 0.346633 0.029167 0.089776
4 0.895000 0.271820 0.110000 0.092269
2 0.516667 0.533666 0.578333 0.371571
4 0.647083 0.294888 0.077500 0.128429
4 0.722917 0.447007 0.080833 0.125935
4 0.849583 0.365337 0.074167 0.129676
4 0.851667 0.517456 0.033333 0.064838
4 0.900833 0.556733 0.068333 0.120948
4 0.883333 0.664589 0.056667 0.092269
4 0.920417 0.657107 0.049167 0.077307
4 0.807500 0.860349 0.071667 0.169576
4 0.915833 0.804239 0.068333 0.104738
4 0.825833 0.564838 0.058333 0.114713
4 0.905417 0.183915 0.057500 0.096010
4 0.217917 0.099751 0.047500 0.057357
4 0.568750 0.960100 0.342500 0.077307