8 0.352837 0.748950 0.057920 0.115546
4 0.670213 0.779937 0.053191 0.093487
4 0.914303 0.844538 0.053191 0.123950
8 0.725768 0.455882 0.098109 0.086134
8 0.027778 0.713235 0.043735 0.155462
4 0.799941 0.890756 0.063239 0.128151
8 0.664894 0.656513 0.111111 0.096639
4 0.839835 0.352941 0.091017 0.084034
4 0.962175 0.734244 0.073286 0.155462
8 0.117317 0.632353 0.031324 0.098739
4 0.580969 0.575630 0.081560 0.056723
4 0.647163 0.565126 0.088652 0.102941
4 0.914894 0.523109 0.093381 0.081933
4 0.410165 0.629727 0.063830 0.070378