4 0.427002 0.395636 0.101074 0.072739
4 0.168701 0.182796 0.059082 0.065781
4 0.278076 0.230550 0.034668 0.042378
2 0.616699 0.489564 0.764648 0.888046
4 0.115479 0.559140 0.047363 0.043011
4 0.306152 0.293485 0.084961 0.093612
4 0.429932 0.331436 0.053223 0.054396
4 0.304199 0.444655 0.048828 0.060721
4 0.276611 0.951297 0.064941 0.031626
4 0.039062 0.328906 0.039062 0.068311
4 0.140625 0.769133 0.065430 0.031626
4 0.059814 0.682163 0.030762 0.030993
4 0.151367 0.643264 0.013672 0.049336
4 0.141846 0.760278 0.053223 0.072106
4 0.105469 0.408918 0.024414 0.025933
4 0.200195 0.337445 0.022461 0.012018
4 0.210449 0.428843 0.030273 0.016445
4 0.248291 0.450980 0.027832 0.026565
4 0.349121 0.461733 0.039062 0.020240
4 0.227539 0.504428 0.031250 0.013283
4 0.228027 0.460784 0.030273 0.014548
4 0.237549 0.964579 0.040527 0.069576
4 0.048340 0.644845 0.020508 0.037318