8 0.053156 0.100473 0.057143 0.054374
8 0.203322 0.078605 0.062458 0.031915
8 0.206977 0.270095 0.053821 0.091017
8 0.140864 0.268913 0.025249 0.105201
8 0.403322 0.394208 0.050498 0.117021
4 0.343522 0.512411 0.042525 0.093381
8 0.260465 0.579196 0.037209 0.094563
8 0.207973 0.581560 0.025249 0.092199
8 0.472093 0.762411 0.067110 0.104019
8 0.549169 0.907801 0.033887 0.132388
4 0.716944 0.849882 0.158140 0.139480
4 0.282724 0.648345 0.039203 0.036643
4 0.291694 0.697991 0.041196 0.053191
4 0.331229 0.625296 0.027243 0.037825