2 0.548828 0.489298 0.408203 0.327090
4 0.460449 0.649833 0.064453 0.051505
4 0.779053 0.029097 0.027832 0.028763
4 0.507324 0.011037 0.030273 0.022074
4 0.841553 0.040134 0.031738 0.025418
4 0.459717 0.058194 0.025879 0.032107
4 0.765137 0.061538 0.026367 0.024080
1 0.318359 0.137793 0.011719 0.020067
4 0.379883 0.136789 0.012695 0.019398
4 0.370361 0.230435 0.024902 0.019398
4 0.452393 0.616722 0.050293 0.041472
4 0.438232 0.171906 0.015137 0.021405
4 0.434814 0.190970 0.016113 0.019398
4 0.404053 0.233779 0.012207 0.016722