0 0.774658 0.411784 0.112793 0.067057
4 0.052490 0.456380 0.104004 0.098958
0 0.413574 0.428711 0.110352 0.065755
0 0.509277 0.458659 0.141602 0.085286
0 0.766113 0.493490 0.137695 0.080729
0 0.142090 0.396810 0.136719 0.060547
4 0.910156 0.429036 0.107422 0.070312
0 0.926270 0.543294 0.118164 0.056641
4 0.795654 0.579753 0.093262 0.076172
0 0.569092 0.547201 0.100098 0.065755
0 0.673828 0.557292 0.102539 0.057292
0 0.436768 0.531250 0.133301 0.069010
0 0.333496 0.477214 0.099609 0.057292
0 0.225830 0.417969 0.112793 0.092448
0 0.368408 0.586914 0.137207 0.068359
0 0.257812 0.525065 0.095703 0.086589
0 0.170654 0.528646 0.105957 0.087240