0 0.844444 0.196203 0.250000 0.355274
0 0.301389 0.311392 0.162778 0.251477
0 0.159722 0.866245 0.183889 0.196624
0 0.620278 0.392405 0.209444 0.335865
4 0.894444 0.610127 0.210000 0.342616
0 0.382222 0.685654 0.346667 0.262447
0 0.565000 0.796203 0.225556 0.304641
0 0.054722 0.621097 0.109444 0.293671
0 0.266667 0.586920 0.334444 0.385654
0 0.104167 0.313924 0.138333 0.281857
0 0.411667 0.355696 0.073333 0.218565
0 0.497222 0.244304 0.153333 0.233755
0 0.477222 0.507173 0.115556 0.168776
0 0.698333 0.607595 0.131111 0.281857
4 0.867500 0.435443 0.265000 0.427004