6 0.203719 0.787072 0.145393 0.225602
4 0.153423 0.370722 0.073542 0.054499
4 0.920118 0.088086 0.029586 0.039290
4 0.338546 0.080482 0.076923 0.097592
4 0.446746 0.547529 0.310228 0.314322
4 0.114117 0.457541 0.091293 0.073511
6 0.902790 0.413815 0.084531 0.216730
4 0.209637 0.276933 0.111581 0.067174
4 0.223584 0.375158 0.070161 0.048162
6 0.497464 0.697719 0.208791 0.275032
4 0.074387 0.360583 0.099746 0.084918
4 0.845309 0.371990 0.027050 0.031686
4 0.806847 0.116603 0.043111 0.045627
4 0.962806 0.164132 0.032122 0.039290
6 0.823331 0.735741 0.162299 0.158428
4 0.267117 0.904309 0.167371 0.143219
4 0.940406 0.228771 0.022823 0.041825
4 0.960693 0.225602 0.017751 0.027883
4 0.797549 0.344106 0.026205 0.031686
4 0.791631 0.446134 0.016061 0.040558
4 0.767540 0.433460 0.015216 0.030418
4 0.570583 0.221800 0.018597 0.020279
4 0.418850 0.361217 0.016061 0.020279
4 0.712595 0.373257 0.013525 0.016477
4 0.643280 0.467047 0.013525 0.021546
4 0.937447 0.290241 0.011834 0.015209
4 0.982671 0.295311 0.014370 0.025349
4 0.990279 0.313054 0.012680 0.017744
4 0.973795 0.399240 0.015216 0.017744
4 0.911665 0.314956 0.012680 0.024081