4 0.660645 0.899634 0.071289 0.055678
4 0.702148 0.865934 0.023438 0.036630
2 0.554199 0.528938 0.338867 0.307692
4 0.912354 0.715018 0.042480 0.030769
4 0.825928 0.768864 0.023926 0.024176
4 0.887695 0.770330 0.018555 0.030037
4 0.915771 0.828938 0.020996 0.035897
4 0.934570 0.924176 0.028320 0.024176
4 0.965820 0.834066 0.016602 0.022711
4 0.691406 0.954945 0.020508 0.022711
4 0.680664 0.945055 0.012695 0.017582
4 0.721924 0.954945 0.024902 0.025641
4 0.714844 0.939194 0.014648 0.019048
4 0.774658 0.861905 0.021973 0.019780
4 0.813477 0.926374 0.028320 0.024176
4 0.603760 0.956777 0.027832 0.032234
4 0.581055 0.984615 0.024414 0.030769
4 0.260254 0.935531 0.011719 0.023443
4 0.263184 0.984249 0.009766 0.019780
4 0.334473 0.722344 0.011719 0.021978
4 0.338379 0.767399 0.007812 0.008059
4 0.234863 0.626740 0.017578 0.013919
4 0.208496 0.653114 0.012695 0.019780
4 0.382568 0.625641 0.011230 0.016117
4 0.254150 0.672161 0.007324 0.006593
4 0.246094 0.679853 0.009766 0.007326
4 0.215576 0.681685 0.006348 0.009524
4 0.210449 0.705495 0.007812 0.011722
4 0.191895 0.750183 0.005859 0.008791
4 0.265137 0.700733 0.006836 0.012454
4 0.271484 0.689377 0.009766 0.011722
4 0.295410 0.703297 0.007812 0.013187
4 0.319092 0.704762 0.006348 0.010256
4 0.267090 0.779121 0.009766 0.012454
4 0.292969 0.779121 0.010742 0.013919
4 0.330566 0.781319 0.003906 0.009524
4 0.289062 0.822344 0.008789 0.009524
4 0.222168 0.707692 0.005859 0.013187
4 0.228516 0.718315 0.005859 0.009524
4 0.271729 0.728938 0.005371 0.008791
4 0.359131 0.770330 0.007324 0.009524
4 0.181885 0.764469 0.006348 0.005128