2 0.524414 0.508985 0.504883 0.533827
4 0.848145 0.788584 0.017578 0.025370
4 0.975098 0.771670 0.008789 0.027484
4 0.960693 0.726216 0.009277 0.014799
4 0.960938 0.745243 0.007812 0.019027
4 0.982422 0.801797 0.014648 0.017970
4 0.939941 0.745772 0.009766 0.013742
4 0.945068 0.725159 0.006348 0.010571
4 0.962402 0.708245 0.004883 0.014799
4 0.945068 0.874736 0.010254 0.015856
4 0.935303 0.762156 0.007324 0.014799
4 0.928467 0.751057 0.007324 0.020085
4 0.931152 0.789112 0.005859 0.017970
4 0.933838 0.812368 0.008301 0.017970
4 0.913086 0.785941 0.007812 0.020085
4 0.913330 0.803383 0.010254 0.014799
4 0.834473 0.804968 0.008789 0.013742
4 0.873535 0.857822 0.009766 0.013742
4 0.850830 0.850951 0.006348 0.025370
4 0.886475 0.783827 0.005371 0.011628