4 0.800309 0.550000 0.020370 0.025926
4 0.755864 0.443519 0.033951 0.038889
4 0.487346 0.467593 0.021605 0.033333
4 0.614815 0.474074 0.022222 0.031481
4 0.214198 0.138889 0.018519 0.027778
4 0.353086 0.422222 0.029630 0.031481
4 0.548457 0.451389 0.016667 0.032407
4 0.804630 0.465741 0.026543 0.037037
4 0.779012 0.495370 0.020988 0.031481
2 0.420370 0.663426 0.420988 0.347222
4 0.198765 0.165741 0.020988 0.025926
4 0.853704 0.487037 0.024691 0.035185
4 0.800617 0.571759 0.017284 0.019444
4 0.378395 0.443981 0.029630 0.026852