0 0.525625 0.557638 0.736250 0.734770
4 0.681562 0.434864 0.041875 0.029991
4 0.615938 0.244611 0.056875 0.033739
4 0.712187 0.438144 0.034375 0.021556
4 0.742812 0.374883 0.055625 0.031865
4 0.877812 0.391284 0.046875 0.030928
4 0.929375 0.369728 0.057500 0.023430
4 0.927500 0.346298 0.065000 0.019681
4 0.960000 0.325211 0.057500 0.018744
4 0.720313 0.294283 0.029375 0.022493
4 0.659375 0.291003 0.045000 0.023430
4 0.865625 0.179944 0.041250 0.018744
4 0.979688 0.207123 0.040625 0.022493
4 0.902813 0.241799 0.038125 0.031865
4 0.070312 0.456888 0.066875 0.036551
4 0.018750 0.554827 0.037500 0.029991
4 0.153125 0.534208 0.025000 0.059981
4 0.141250 0.567010 0.045000 0.043112
4 0.115000 0.541706 0.043750 0.046860
4 0.819375 0.598407 0.082500 0.053421