4 0.106500 0.883467 0.062000 0.049527
4 0.281250 0.937728 0.046500 0.045885
4 0.818750 0.588128 0.051500 0.038602
4 0.259250 0.825200 0.048500 0.043700
2 0.389250 0.571377 0.609500 0.523671
4 0.729250 0.603423 0.020500 0.024035
4 0.751000 0.597597 0.013000 0.034232
4 0.678750 0.643117 0.019500 0.039330
4 0.674000 0.611435 0.009000 0.022578
4 0.695750 0.688274 0.009500 0.016023
4 0.703750 0.703205 0.009500 0.016752
4 0.769750 0.593955 0.010500 0.032775
4 0.761000 0.621996 0.019000 0.026220
4 0.747750 0.633649 0.019500 0.011653
4 0.868250 0.525856 0.011500 0.011653
4 0.848750 0.557538 0.039500 0.026948
4 0.809250 0.630736 0.019500 0.034960
4 0.280250 0.758558 0.007500 0.016752
4 0.061500 0.878733 0.024000 0.025492
4 0.058250 0.913328 0.025500 0.037873
4 0.085000 0.904224 0.015000 0.021122
4 0.286000 0.821923 0.011000 0.015295