4 0.135498 0.168983 0.036621 0.032146
4 0.305664 0.300608 0.046875 0.033015
4 0.239746 0.196351 0.036133 0.029540
2 0.506836 0.379235 0.133789 0.148566
4 0.892578 0.399652 0.014648 0.010426
4 0.960205 0.385317 0.012207 0.014770
4 0.767334 0.296264 0.028809 0.027802
4 0.780273 0.006950 0.025391 0.013901
4 0.762207 0.054735 0.024414 0.019114
4 0.655762 0.054301 0.019531 0.016507
4 0.479248 0.088184 0.012207 0.013032
4 0.364990 0.177237 0.013184 0.012163
4 0.395508 0.190704 0.007812 0.013032
4 0.411621 0.167680 0.007812 0.013901
4 0.474121 0.217637 0.011719 0.023458
4 0.320557 0.333623 0.017090 0.022589
4 0.396240 0.429626 0.016113 0.030408
4 0.416992 0.494787 0.024414 0.021720
4 0.556885 0.324935 0.012207 0.012163
4 0.567383 0.309296 0.014648 0.012163
4 0.470947 0.334057 0.010254 0.013032
4 0.477539 0.330148 0.005859 0.010426