6 0.136230 0.463867 0.047852 0.041016
4 0.121826 0.301107 0.086426 0.056641
6 0.187744 0.400065 0.067871 0.043620
4 0.645752 0.931315 0.106934 0.060547
6 0.098633 0.528320 0.080078 0.056641
6 0.090576 0.475911 0.054199 0.052083
2 0.574463 0.461914 0.511230 0.647786
6 0.195801 0.449219 0.041016 0.046875
6 0.215576 0.725260 0.056152 0.061198
6 0.927246 0.538737 0.058594 0.043620
4 0.059814 0.580729 0.118652 0.184896
6 0.065674 0.454102 0.054199 0.054036
6 0.312256 0.565104 0.086426 0.063802
4 0.405029 0.380534 0.024902 0.044922
6 0.138428 0.440104 0.073730 0.031250
6 0.151611 0.557617 0.074707 0.054036
6 0.014160 0.460612 0.027344 0.031901
6 0.024658 0.599284 0.049316 0.041016
6 0.009521 0.657878 0.019043 0.047526
6 0.102783 0.633464 0.037598 0.058594
6 0.020996 0.387044 0.041016 0.030599
6 0.068115 0.387695 0.040527 0.030599
4 0.944580 0.030924 0.062012 0.039714
4 0.862305 0.027018 0.074219 0.038411