11 0.257031 0.170054 0.134375 0.172087
11 0.241016 0.302168 0.052344 0.113821
11 0.705859 0.325203 0.161719 0.249322
11 0.317188 0.361111 0.143750 0.350949
11 0.170313 0.583333 0.182812 0.340108
11 0.028516 0.399051 0.057031 0.364499
11 0.674219 0.665312 0.098437 0.089431
11 0.563281 0.687669 0.073438 0.337398
11 0.521484 0.897696 0.089844 0.144986
11 0.567187 0.968157 0.168750 0.060976
11 0.564063 0.093496 0.098437 0.186992
11 0.258203 0.068428 0.111719 0.136856
11 0.644141 0.487127 0.119531 0.131436
11 0.823828 0.315041 0.108594 0.307588
11 0.743359 0.491870 0.111719 0.140921
11 0.954688 0.886856 0.089063 0.223577
11 0.703906 0.897019 0.053125 0.070461
11 0.913672 0.467480 0.171094 0.222222
11 0.451172 0.287263 0.116406 0.260163
11 0.733984 0.864499 0.063281 0.092141
11 0.226172 0.850271 0.166406 0.296748
11 0.471094 0.752710 0.121875 0.326558
11 0.873828 0.574526 0.171094 0.159892
11 0.787891 0.693767 0.252344 0.341463
11 0.129297 0.300136 0.185156 0.266938
11 0.187891 0.375339 0.136719 0.208672
11 0.947656 0.711382 0.104688 0.178862
11 0.105078 0.909892 0.127344 0.174797
11 0.477734 0.098916 0.155469 0.195122
11 0.326953 0.716125 0.142969 0.397019
11 0.448437 0.522358 0.190625 0.196477
11 0.378906 0.182927 0.107813 0.230352
11 0.595703 0.542005 0.083594 0.132791