4 0.136475 0.173177 0.034668 0.029948
4 0.394043 0.126953 0.019531 0.027344
4 0.633301 0.638672 0.070312 0.042969
4 0.188721 0.139648 0.039551 0.038411
4 0.145508 0.022135 0.031250 0.026042
4 0.505127 0.247721 0.025879 0.027995
4 0.139160 0.132812 0.026367 0.026042
4 0.436768 0.219401 0.023926 0.027344
4 0.504150 0.180013 0.020020 0.043620
4 0.358154 0.127279 0.018066 0.025391
4 0.342529 0.277344 0.030762 0.027344
4 0.730957 0.068685 0.050781 0.029297
4 0.866943 0.718750 0.061035 0.062500
4 0.610840 0.014648 0.020508 0.026693
4 0.365967 0.168294 0.027832 0.027995
4 0.333740 0.099935 0.031738 0.031901
4 0.663574 0.207031 0.034180 0.028646
4 0.537354 0.025716 0.028809 0.030599
4 0.530518 0.185872 0.030762 0.033203
4 0.679932 0.252279 0.039551 0.033203
4 0.493408 0.221680 0.017090 0.029297
4 0.060547 0.130208 0.050781 0.045573
4 0.563721 0.197591 0.020996 0.037109
4 0.297363 0.188151 0.026367 0.041667
4 0.543701 0.252604 0.029785 0.059896
4 0.275879 0.084961 0.041992 0.039714
4 0.202637 0.022461 0.031250 0.027995
4 0.732178 0.131185 0.046387 0.037109
4 0.612061 0.085938 0.038574 0.028646
4 0.716797 0.492839 0.044922 0.075521
4 0.218994 0.490560 0.020020 0.083984
4 0.370850 0.389648 0.032715 0.043620
8 0.544678 0.489909 0.188965 0.112630
4 0.422852 0.939779 0.060547 0.112630
4 0.378174 0.931315 0.075684 0.078776
4 0.868408 0.451823 0.055176 0.065104
4 0.495605 0.138021 0.056641 0.032552
4 0.143066 0.079102 0.049805 0.041016
4 0.451172 0.275065 0.029297 0.025391
4 0.414795 0.219401 0.018066 0.031250