0 0.202637 0.850911 0.242188 0.270833
4 0.088623 0.829753 0.027832 0.020182
0 0.907471 0.875000 0.184082 0.248698
4 0.119873 0.580404 0.239746 0.258464
0 0.486328 0.609375 0.473633 0.313802
4 0.325195 0.705729 0.052734 0.027344
4 0.096436 0.982747 0.032715 0.026693
4 0.006104 0.802083 0.012207 0.019531
0 0.370850 0.798177 0.212402 0.131510
4 0.101562 0.666341 0.203125 0.163411
0 0.188232 0.462891 0.177246 0.162760
4 0.588379 0.719401 0.353516 0.148438
0 0.215088 0.326497 0.175293 0.237630
4 0.925293 0.752279 0.022461 0.013672