4 0.110156 0.331250 0.079687 0.250000
4 0.951562 0.631250 0.096875 0.083333
4 0.877344 0.385417 0.129688 0.070833
4 0.945312 0.435417 0.109375 0.108333
4 0.800000 0.430208 0.131250 0.056250
4 0.849219 0.466667 0.157812 0.079167
4 0.670312 0.536458 0.159375 0.097917
4 0.649219 0.358333 0.132812 0.075000
4 0.525000 0.360417 0.159375 0.083333
4 0.480469 0.403125 0.151562 0.064583
4 0.413281 0.435417 0.164062 0.066667
4 0.338281 0.467708 0.160938 0.068750
4 0.192188 0.504167 0.146875 0.083333
4 0.369531 0.540625 0.139063 0.060417
4 0.523438 0.515625 0.159375 0.093750
4 0.614062 0.437500 0.162500 0.091667
4 0.643750 0.409375 0.131250 0.072917
4 0.290625 0.233333 0.156250 0.095833
4 0.110937 0.285417 0.181250 0.112500
4 0.370312 0.295833 0.175000 0.083333
4 0.401562 0.348958 0.137500 0.127083