9 0.798845 0.694615 0.112395 0.078462
9 0.141807 0.528462 0.088235 0.063077
9 0.870273 0.525385 0.101891 0.090769
9 0.889181 0.294615 0.099790 0.112308
9 0.486870 0.829231 0.085084 0.033846
9 0.440126 0.358462 0.098739 0.132308
9 0.722164 0.598462 0.034664 0.043077
9 0.936450 0.692308 0.049370 0.076923
9 0.791492 0.353077 0.049370 0.066154
9 0.507353 0.705385 0.042017 0.056923
9 0.900735 0.353077 0.030462 0.081538
9 0.930147 0.282308 0.057773 0.050769
9 0.344013 0.676154 0.019958 0.106154
9 0.125000 0.343846 0.031513 0.029231
9 0.164916 0.147692 0.037815 0.040000
9 0.150210 0.020000 0.035714 0.036923