2 0.538350 0.613806 0.868932 0.705224
4 0.401456 0.378731 0.224272 0.070896
4 0.922816 0.728545 0.022330 0.027985
4 0.881553 0.764925 0.013592 0.041045
4 0.884466 0.819030 0.021359 0.029851
4 0.829612 0.755597 0.012621 0.033582
4 0.868447 0.743470 0.012621 0.024254
4 0.967961 0.777985 0.013592 0.033582
4 0.939806 0.819963 0.021359 0.027985
4 0.990777 0.834888 0.018447 0.020522
4 0.979126 0.872201 0.026214 0.020522
4 0.916019 0.977612 0.045631 0.044776
4 0.789806 0.751866 0.014563 0.026119
4 0.848544 0.868470 0.025243 0.020522
4 0.748544 0.853545 0.011650 0.031716