2 0.228750 0.600150 0.334500 0.279070
1 0.357750 0.066017 0.016500 0.024006
4 0.547000 0.045011 0.014000 0.018005
4 0.803500 0.333083 0.008000 0.018005
4 0.858250 0.533383 0.005500 0.012003
4 0.837750 0.266317 0.014500 0.009002
4 0.701000 0.118905 0.013000 0.009752
4 0.462000 0.206677 0.012000 0.008252
4 0.579500 0.131658 0.003000 0.005251
4 0.521000 0.166542 0.004000 0.009002
4 0.314750 0.050263 0.004500 0.006002
4 0.302000 0.047262 0.005000 0.006002
4 0.240000 0.030008 0.004000 0.004501
4 0.272000 0.027757 0.005000 0.006002
4 0.279000 0.033383 0.005000 0.005251
4 0.152250 0.031133 0.004500 0.005251
4 0.158750 0.052513 0.003500 0.004501