4 0.880850 0.567130 0.028941 0.017593
4 0.071736 0.374074 0.016626 0.018519
4 0.895936 0.629167 0.028325 0.019444
4 0.434421 0.623148 0.014163 0.059259
4 0.426724 0.162500 0.094828 0.093519
4 0.039101 0.354630 0.040025 0.025926
4 0.968288 0.473611 0.036330 0.037963
4 0.941810 0.633333 0.021552 0.020370
4 0.182882 0.422222 0.052956 0.031481
0 0.478756 0.503241 0.195197 0.136111
4 0.455973 0.643056 0.011700 0.062037
4 0.398707 0.554167 0.035099 0.032407
4 0.241071 0.600463 0.042488 0.056481
4 0.130542 0.449074 0.034483 0.038889
4 0.132081 0.367593 0.057266 0.018519
4 0.580049 0.886111 0.068966 0.111111