4 0.868000 0.490623 0.117000 0.052513
1 0.858500 0.755439 0.071000 0.079520
2 0.363000 0.769317 0.376000 0.198800
1 0.609500 0.490998 0.018000 0.041260
1 0.617250 0.503751 0.014500 0.032258
4 0.553250 0.522131 0.016500 0.018005
4 0.421500 0.017629 0.031000 0.035259
4 0.460000 0.022881 0.031000 0.044261
4 0.908500 0.315079 0.008000 0.012003
4 0.854500 0.312828 0.008000 0.010503
4 0.906000 0.657914 0.033000 0.031508
4 0.908000 0.633158 0.021000 0.018005
4 0.811000 0.678170 0.035000 0.024006
4 0.916750 0.706302 0.036500 0.020255
4 0.950500 0.699925 0.030000 0.016504
4 0.957000 0.716804 0.042000 0.026257
4 0.966000 0.640660 0.029000 0.021005
4 0.947500 0.610278 0.020000 0.020255
4 0.967500 0.586272 0.014000 0.018755
4 0.989750 0.668792 0.019500 0.026257
4 0.952500 0.788072 0.030000 0.029257
4 0.805500 0.794449 0.030000 0.016504
4 0.740000 0.702926 0.034000 0.018005
4 0.771500 0.683421 0.032000 0.016504
4 0.816500 0.765191 0.022000 0.018005
4 0.848250 0.648162 0.030500 0.015004
4 0.848500 0.665041 0.030000 0.017254
4 0.870000 0.682671 0.019000 0.030008
4 0.872000 0.630908 0.015000 0.016504
4 0.889000 0.618905 0.012000 0.019505
4 0.814000 0.609902 0.021000 0.012003
4 0.813500 0.626032 0.024000 0.020255
4 0.909500 0.608027 0.018000 0.015754
4 0.767000 0.610278 0.027000 0.018755
4 0.799000 0.554389 0.017000 0.016504
4 0.859500 0.553638 0.016000 0.015004
4 0.655750 0.660915 0.032500 0.016504
4 0.653500 0.700675 0.031000 0.021005
4 0.704750 0.713428 0.033500 0.022506
4 0.639500 0.609527 0.024000 0.018755
4 0.605500 0.628657 0.024000 0.018005
4 0.701000 0.601275 0.022000 0.015754
4 0.702750 0.654539 0.021500 0.017254
4 0.680500 0.701800 0.021000 0.023256
4 0.498000 0.644036 0.026000 0.053263