4 0.272000 0.029257 0.055000 0.058515
4 0.265500 0.098650 0.020000 0.026257
4 0.061250 0.134659 0.019500 0.024756
6 0.841750 0.506752 0.158500 0.111778
4 0.295750 0.114779 0.019500 0.030008
0 0.239000 0.566017 0.272000 0.272318
4 0.416250 0.147037 0.016500 0.021005
4 0.116250 0.304951 0.077500 0.110278
0 0.530000 0.058890 0.133000 0.117779
4 0.235000 0.192048 0.053000 0.070518
4 0.789250 0.303451 0.016500 0.024756
0 0.369750 0.288447 0.185500 0.122281
4 0.158500 0.074644 0.018000 0.011253
4 0.237000 0.565266 0.274000 0.272318
4 0.749250 0.280945 0.018500 0.014254
0 0.589500 0.195424 0.067000 0.045761
0 0.372750 0.471493 0.213500 0.291823
0 0.415750 0.776819 0.238500 0.260315
4 0.427000 0.189422 0.016000 0.021755
4 0.838000 0.318080 0.013000 0.018005
0 0.524000 0.412228 0.245000 0.131283
4 0.027000 0.037884 0.054000 0.075769
4 0.858750 0.300075 0.015500 0.016504
4 0.189250 0.269317 0.052500 0.061515
4 0.980500 0.319955 0.018000 0.035259
4 0.143250 0.133158 0.033500 0.068267
4 0.535000 0.118155 0.088000 0.045761
4 0.413500 0.023256 0.054000 0.046512
0 0.730000 0.050263 0.124000 0.066017
4 0.763000 0.234434 0.010000 0.011253
4 0.804000 0.292198 0.005000 0.005251
4 0.891000 0.298950 0.010000 0.017254
4 0.908250 0.265566 0.009500 0.010503
0 0.971250 0.419355 0.057500 0.106527
4 0.896250 0.399100 0.013500 0.009002
0 0.607250 0.508627 0.222500 0.127532
4 0.259500 0.281320 0.046000 0.109527
4 0.188750 0.471118 0.109500 0.078020
4 0.200250 0.389722 0.029500 0.020255
4 0.044000 0.477119 0.028000 0.085521
4 0.821500 0.346962 0.022000 0.018755
4 0.815750 0.327832 0.016500 0.019505
4 0.806250 0.337584 0.009500 0.007502
4 0.788500 0.327082 0.010000 0.007502
4 0.850750 0.244936 0.007500 0.008252
4 0.893000 0.209677 0.012000 0.011253
4 0.854250 0.180420 0.010500 0.006752
4 0.872000 0.142536 0.011000 0.010503
4 0.509500 0.289947 0.008000 0.009752
4 0.537000 0.272693 0.011000 0.015754
4 0.587000 0.256939 0.009000 0.006752
4 0.572750 0.316204 0.009500 0.011253
4 0.609000 0.324831 0.008000 0.007502
4 0.627000 0.326332 0.005000 0.006002
4 0.631000 0.320330 0.007000 0.006002
4 0.021250 0.227307 0.042500 0.082521
4 0.089500 0.226932 0.042000 0.060765
4 0.074250 0.186047 0.049500 0.055514