0 0.160645 0.451613 0.174805 0.103495
0 0.585693 0.433804 0.122559 0.104167
0 0.365723 0.418011 0.155273 0.096774
0 0.473389 0.440860 0.187988 0.095430
0 0.445068 0.698589 0.269043 0.139113
0 0.527832 0.559476 0.171875 0.118952
0 0.626953 0.279906 0.167969 0.105511
0 0.345215 0.540323 0.228516 0.122312
0 0.874512 0.445565 0.152344 0.091398
0 0.099365 0.505376 0.160645 0.091398
0 0.684814 0.536290 0.183105 0.099462
0 0.134033 0.361223 0.176270 0.100134
4 0.783936 0.467406 0.072754 0.057124
0 0.884521 0.412298 0.140137 0.082661
0 0.708740 0.487903 0.128418 0.064516
4 0.681641 0.435820 0.009766 0.008737