4 0.278889 0.097835 0.024444 0.027477
2 0.492778 0.520400 0.485556 0.872606
4 0.133889 0.356786 0.048889 0.039134
4 0.740278 0.733972 0.029444 0.024147
4 0.647778 0.608659 0.041111 0.033306
4 0.707500 0.594505 0.019444 0.021649
4 0.715000 0.524563 0.020000 0.018318
4 0.474722 0.747710 0.020556 0.018318
4 0.620833 0.704413 0.011667 0.018318
4 0.888889 0.783514 0.016667 0.031640
4 0.972500 0.181099 0.020556 0.029142
4 0.795833 0.165279 0.016111 0.012490
4 0.376111 0.167361 0.020000 0.019983
4 0.311111 0.191091 0.016667 0.020816
4 0.327778 0.276853 0.040000 0.029142
4 0.014444 0.174854 0.020000 0.016653
4 0.032778 0.196919 0.010000 0.007494
4 0.264167 0.257702 0.022778 0.029142
4 0.153611 0.233139 0.011667 0.013322
4 0.307778 0.436719 0.011111 0.014155