4 0.468658 0.111490 0.034280 0.022753
4 0.683154 0.790102 0.046033 0.058020
4 0.323702 0.208760 0.028404 0.030717
8 0.523996 0.566553 0.354554 0.193402
4 0.919197 0.648464 0.044074 0.036405
4 0.225759 0.071104 0.024486 0.021615
4 0.397160 0.060296 0.030362 0.025028
4 0.941724 0.915813 0.036239 0.038680
4 0.976494 0.879977 0.025465 0.019340
4 0.977963 0.797497 0.022527 0.034130
4 0.789422 0.771331 0.019589 0.013652
4 0.813908 0.762230 0.015671 0.013652
4 0.767875 0.617747 0.013712 0.020478
4 0.758080 0.568828 0.015671 0.015927
4 0.710578 0.307167 0.032321 0.029579
4 0.759060 0.480660 0.019589 0.019340
4 0.381489 0.222981 0.020568 0.040956
4 0.426543 0.236633 0.024486 0.022753
4 0.192458 0.913538 0.104799 0.172924
4 0.565132 0.708760 0.029383 0.031854
4 0.564643 0.730375 0.028404 0.027304
4 0.710578 0.544937 0.018609 0.045506