4 0.702637 0.789714 0.099609 0.046875
4 0.026855 0.400391 0.053711 0.046875
4 0.953613 0.787109 0.091797 0.067708
4 0.668213 0.970052 0.102051 0.055990
4 0.422363 0.899414 0.076172 0.043620
4 0.535400 0.974609 0.185059 0.049479
2 0.403320 0.589193 0.457031 0.511719
4 0.762695 0.528320 0.118164 0.119141
4 0.260010 0.657878 0.102051 0.048828
4 0.335938 0.607096 0.158203 0.110026
4 0.578369 0.543294 0.018066 0.012370
4 0.570312 0.522786 0.010742 0.027344
4 0.660889 0.921875 0.061035 0.082031
4 0.546631 0.896810 0.104004 0.055339
4 0.546631 0.934570 0.107910 0.069661
4 0.460693 0.808268 0.032715 0.059245
4 0.876465 0.947917 0.037109 0.049479
4 0.222412 0.611003 0.012207 0.014974