8 0.719727 0.292643 0.192383 0.267578
8 0.314697 0.747070 0.226074 0.227214
8 0.511719 0.727539 0.121094 0.365234
8 0.423096 0.290365 0.080566 0.397135
8 0.530762 0.410807 0.146484 0.468750
8 0.552246 0.125651 0.082031 0.242188
8 0.799316 0.046875 0.044922 0.092448
8 0.084229 0.577474 0.168457 0.109375
4 0.187012 0.075521 0.177734 0.151042
4 0.327393 0.023438 0.030762 0.046875
4 0.381348 0.085938 0.052734 0.170573
4 0.092041 0.344727 0.061035 0.279297
4 0.197754 0.372721 0.052734 0.255859
4 0.250488 0.330729 0.050781 0.167969
4 0.382812 0.416667 0.198242 0.244792
4 0.419922 0.730469 0.091797 0.074219