4 0.413086 0.247299 0.033203 0.039352
4 0.255859 0.640046 0.070312 0.060957
2 0.536133 0.525463 0.529297 0.393519
4 0.142822 0.395448 0.049316 0.040895
4 0.180420 0.131559 0.031738 0.037809
4 0.215576 0.310957 0.030762 0.026235
4 0.218506 0.417824 0.022949 0.022377
4 0.081299 0.395062 0.022949 0.024691
4 0.353027 0.324074 0.009766 0.023148
4 0.027344 0.653935 0.017578 0.016204
4 0.037354 0.757716 0.015137 0.015432
4 0.066406 0.750772 0.011719 0.015432
4 0.188477 0.731867 0.016602 0.027006
4 0.055420 0.895448 0.012207 0.014660
4 0.022461 0.881944 0.024414 0.035494
4 0.066895 0.800540 0.017578 0.011574
4 0.078125 0.842978 0.013672 0.016204
4 0.045898 0.813657 0.010742 0.017747
4 0.113770 0.853009 0.017578 0.016204
4 0.091309 0.826389 0.010742 0.015432
4 0.129883 0.802083 0.011719 0.017747
4 0.172607 0.833333 0.014160 0.026235
4 0.191406 0.806327 0.019531 0.029321
4 0.204346 0.786265 0.020020 0.030864
4 0.300293 0.775077 0.013672 0.027006
4 0.307617 0.768904 0.014648 0.022377
4 0.332031 0.790509 0.020508 0.025463
4 0.274414 0.860725 0.021484 0.034722
4 0.294189 0.822531 0.012207 0.015432
4 0.910645 0.579861 0.013672 0.027006