4 0.660889 0.938802 0.083496 0.053385
4 0.044434 0.413737 0.088867 0.139974
4 0.052490 0.231771 0.104980 0.131510
4 0.385254 0.889323 0.081055 0.145833
2 0.462646 0.444661 0.724121 0.657552
4 0.569580 0.131836 0.047363 0.100911
4 0.863281 0.644531 0.054688 0.131510
4 0.162109 0.024414 0.086914 0.048828
4 0.727783 0.023763 0.038574 0.047526
4 0.016357 0.330404 0.032715 0.076172
4 0.830322 0.269857 0.339355 0.352214
4 0.528076 0.832031 0.069824 0.134115
4 0.123047 0.130534 0.096680 0.104818
4 0.052490 0.819336 0.039551 0.037109
4 0.965820 0.955078 0.026367 0.089844
4 0.459961 0.718750 0.020508 0.020833
4 0.487793 0.724609 0.009766 0.022135
4 0.752930 0.240234 0.065430 0.029948
4 0.846680 0.067057 0.016602 0.022135
4 0.339844 0.201823 0.081055 0.039062
4 0.030029 0.271810 0.030762 0.050130
4 0.043945 0.315755 0.021484 0.020833
4 0.504395 0.055339 0.022461 0.023438
4 0.007080 0.520182 0.014160 0.035156
4 0.262695 0.261068 0.024414 0.095052