4 0.870850 0.267033 0.052246 0.069597
2 0.495117 0.370330 0.310547 0.296703
4 0.385254 0.085348 0.035156 0.057875
4 0.589111 0.195604 0.055176 0.076190
4 0.422119 0.675458 0.071777 0.057143
4 0.458252 0.375824 0.069824 0.079121
4 0.501465 0.298168 0.017578 0.033700
4 0.611572 0.274359 0.028809 0.025641
4 0.532227 0.240293 0.100586 0.030769
4 0.639404 0.168864 0.019043 0.032967
4 0.533936 0.475824 0.085449 0.073993
4 0.772949 0.256410 0.037109 0.076190
4 0.801270 0.241392 0.019531 0.041758
4 0.814209 0.222344 0.014160 0.012454
4 0.953369 0.164469 0.030762 0.068132
4 0.903320 0.079853 0.034180 0.021978
4 0.757568 0.120879 0.012207 0.011722
4 0.837891 0.102930 0.017578 0.018315
4 0.943848 0.061172 0.018555 0.024176
4 0.896973 0.095971 0.016602 0.020513
4 0.861816 0.047253 0.012695 0.019780
4 0.863281 0.061172 0.010742 0.013919
4 0.894043 0.006227 0.018555 0.012454
4 0.722656 0.073993 0.009766 0.023443
4 0.666504 0.231136 0.022461 0.013919
4 0.683594 0.243223 0.010742 0.011722
4 0.692383 0.139560 0.033203 0.022711
4 0.697754 0.256410 0.014648 0.008791
4 0.529053 0.112821 0.029785 0.030769
4 0.509766 0.079487 0.008789 0.010989
4 0.441406 0.061905 0.017578 0.010989
4 0.477051 0.068132 0.009766 0.008791
4 0.427246 0.071429 0.010742 0.010989
4 0.417725 0.127839 0.012207 0.013919
4 0.435791 0.130403 0.018066 0.014652
4 0.475342 0.169597 0.013184 0.012454
4 0.598145 0.016850 0.025391 0.019048
4 0.543945 0.045421 0.014648 0.013187
4 0.330811 0.103297 0.053223 0.049817
4 0.366455 0.288278 0.018066 0.019780
4 0.401123 0.293040 0.024902 0.024908
4 0.330322 0.290476 0.015137 0.012454
4 0.321045 0.228938 0.009277 0.015385
4 0.363281 0.226740 0.039062 0.076923
4 0.352295 0.328938 0.026855 0.027839
4 0.324219 0.369597 0.060547 0.071062
4 0.347656 0.430037 0.020508 0.020513
4 0.485352 0.539927 0.005859 0.005861
4 0.457031 0.555678 0.004883 0.006593
4 0.458984 0.550916 0.003906 0.002930
4 0.455811 0.561905 0.004395 0.002930
4 0.458252 0.570696 0.003418 0.002930
4 0.461182 0.572527 0.003418 0.003663
4 0.471436 0.548352 0.004395 0.005128
4 0.480469 0.546154 0.004883 0.003663
4 0.493408 0.529304 0.003418 0.003663
4 0.493164 0.537729 0.003906 0.004396
4 0.479736 0.552015 0.006348 0.003663
4 0.482178 0.554212 0.006348 0.003663
4 0.488770 0.556044 0.005859 0.004396
4 0.498779 0.555678 0.005371 0.005128
4 0.497070 0.563004 0.005859 0.003663
4 0.474365 0.569963 0.007324 0.002930
4 0.483643 0.569231 0.003418 0.004396
4 0.489014 0.570696 0.006348 0.004396
4 0.487549 0.574359 0.007324 0.004396
4 0.574707 0.638462 0.055664 0.065201
4 0.529785 0.726374 0.044922 0.050549
4 0.625488 0.656777 0.045898 0.057875
4 0.068115 0.669597 0.059082 0.136264
4 0.018555 0.703663 0.021484 0.063736
4 0.018799 0.434799 0.016113 0.072527
4 0.052734 0.329670 0.028320 0.021978
4 0.066895 0.292308 0.007812 0.032234
4 0.019287 0.276190 0.020020 0.043956
4 0.008057 0.782051 0.016113 0.035897
4 0.136230 0.018681 0.195312 0.037363
4 0.439941 0.763004 0.040039 0.046154
4 0.430664 0.864835 0.061523 0.078388
4 0.740479 0.652381 0.026855 0.082784
4 0.834961 0.292674 0.025391 0.068132
4 0.984619 0.350549 0.030762 0.068132