4 0.039875 0.335595 0.079750 0.042797
2 0.478108 0.518789 0.687256 0.365344
4 0.679437 0.267745 0.087568 0.065762
4 0.168100 0.258351 0.035966 0.051148
4 0.550821 0.750522 0.086787 0.121086
4 0.951916 0.196764 0.096169 0.099165
4 0.744722 0.197286 0.096169 0.075157
4 0.931196 0.440501 0.137608 0.277662
4 0.610242 0.034447 0.077404 0.052192
4 0.639171 0.167537 0.127443 0.082463
4 0.406959 0.157098 0.099296 0.090814
4 0.949961 0.719207 0.098514 0.407098
4 0.780297 0.509916 0.020328 0.059499
4 0.986708 0.366910 0.026583 0.049061
4 0.986708 0.247390 0.021892 0.029228
4 0.929242 0.361169 0.030493 0.029228
4 0.831900 0.183194 0.035966 0.059499
4 0.839328 0.608038 0.027365 0.028184
4 0.790461 0.748434 0.037529 0.043841
4 0.086396 0.820981 0.035184 0.038622
4 0.386239 0.847599 0.045348 0.033403
4 0.560203 0.248956 0.055512 0.034447
4 0.036357 0.295929 0.071149 0.034447