8 0.439453 0.459961 0.517578 0.267578
4 0.382568 0.781250 0.039551 0.032552
4 0.596680 0.917969 0.052734 0.037760
4 0.754883 0.161784 0.048828 0.035807
4 0.924561 0.224609 0.050293 0.041667
4 0.635986 0.215169 0.046387 0.029297
4 0.641357 0.071615 0.046387 0.031250
4 0.590820 0.047526 0.036133 0.031250
4 0.685059 0.042318 0.036133 0.037760
4 0.817383 0.077474 0.044922 0.032552
4 0.815430 0.305339 0.031250 0.037760
4 0.486328 0.316732 0.023438 0.025391
4 0.525146 0.075195 0.033691 0.024089
4 0.520508 0.174154 0.024414 0.039714
4 0.516113 0.112630 0.028320 0.037760
4 0.645264 0.317383 0.022949 0.061849