4 0.164583 0.559748 0.025833 0.027673
0 0.493333 0.889308 0.070000 0.050314
0 0.400000 0.559748 0.065000 0.047799
4 0.862083 0.779874 0.030833 0.045283
4 0.254583 0.562264 0.035833 0.037736
0 0.422917 0.663522 0.069167 0.051572
0 0.538750 0.818239 0.069167 0.054088
0 0.305000 0.608176 0.068333 0.044025
4 0.382083 0.637736 0.059167 0.040252
4 0.898333 0.771698 0.020000 0.049057
4 0.465417 0.647170 0.055833 0.038994
0 0.547083 0.728302 0.067500 0.042767
4 0.192083 0.539623 0.034167 0.030189
0 0.307917 0.655346 0.052500 0.040252
4 0.330833 0.903774 0.033333 0.033962
4 0.683333 0.908176 0.056667 0.045283
4 0.857500 0.869182 0.015000 0.042767
4 0.812917 0.819497 0.035833 0.049057
4 0.772500 0.742767 0.040000 0.031447
4 0.589167 0.694969 0.030000 0.033962
4 0.610833 0.741509 0.050000 0.044025
4 0.498750 0.703145 0.067500 0.032704