4 0.161621 0.687703 0.074219 0.097593
4 0.137939 0.600846 0.032715 0.051399
2 0.556152 0.441119 0.829102 0.478855
4 0.284180 0.430384 0.078125 0.060507
4 0.503906 0.641835 0.075195 0.078725
4 0.794434 0.897853 0.080078 0.096291
4 0.333984 0.667534 0.053711 0.052049
4 0.421631 0.724463 0.034668 0.072219
4 0.013916 0.562785 0.026855 0.049447
4 0.029785 0.826610 0.042969 0.060507
4 0.148438 0.770007 0.057617 0.056604
4 0.292969 0.795055 0.047852 0.055953
4 0.223633 0.880937 0.045898 0.049447
4 0.498779 0.850033 0.036621 0.060507
4 0.718750 0.978204 0.039062 0.040989
4 0.271973 0.517892 0.046875 0.048146