4 0.043478 0.498667 0.077961 0.192000
4 0.967766 0.458667 0.062969 0.240000
4 0.835082 0.054000 0.095952 0.108000
4 0.848951 0.224000 0.138681 0.117333
4 0.498876 0.086667 0.054723 0.090667
4 0.308096 0.857333 0.092954 0.144000
2 0.517616 0.514667 0.873313 0.754667
4 0.410420 0.188667 0.257121 0.078667
4 0.096327 0.956000 0.068216 0.088000
4 0.359445 0.904667 0.054723 0.065333
4 0.415292 0.888000 0.056972 0.040000
4 0.418666 0.952667 0.036732 0.086667
4 0.513493 0.872000 0.065967 0.122667
4 0.881934 0.420667 0.110195 0.102667
4 0.657421 0.200000 0.026987 0.104000
4 0.706897 0.266000 0.082459 0.070667
4 0.818216 0.337333 0.027736 0.098667
4 0.632309 0.108667 0.051724 0.041333
4 0.243253 0.183333 0.035232 0.140000
4 0.270240 0.043333 0.063718 0.086667
4 0.644678 0.826000 0.091454 0.118667