4 0.780729 0.693750 0.057292 0.045833
4 0.619792 0.067361 0.087500 0.054167
4 0.180729 0.072917 0.084375 0.048611
4 0.868750 0.659028 0.104167 0.048611
4 0.757292 0.158333 0.089583 0.058333
4 0.801562 0.030556 0.082292 0.050000
4 0.716667 0.275694 0.081250 0.045833
4 0.588542 0.115278 0.083333 0.050000
4 0.732292 0.656944 0.089583 0.052778
4 0.880729 0.928472 0.080208 0.059722
4 0.043750 0.019444 0.087500 0.038889
4 0.956771 0.331944 0.082292 0.047222
4 0.969792 0.232639 0.058333 0.056944
4 0.711979 0.954861 0.078125 0.054167
2 0.461979 0.531944 0.876042 0.472222
4 0.929688 0.188889 0.096875 0.050000
4 0.597917 0.245833 0.091667 0.069444
4 0.367708 0.279861 0.083333 0.054167
4 0.111458 0.126389 0.056250 0.072222
4 0.842187 0.907639 0.101042 0.043056
4 0.832292 0.817361 0.037500 0.040278
4 0.406250 0.854861 0.087500 0.048611
4 0.483333 0.795139 0.077083 0.043056
4 0.414062 0.805556 0.057292 0.030556
4 0.198437 0.718750 0.059375 0.026389
4 0.030729 0.788194 0.061458 0.045833
4 0.288021 0.879861 0.046875 0.026389
4 0.973958 0.751389 0.050000 0.033333
4 0.960417 0.910417 0.052083 0.043056
4 0.958854 0.132639 0.053125 0.034722
4 0.986979 0.109028 0.026042 0.054167
4 0.360938 0.307639 0.088542 0.034722
4 0.379688 0.256944 0.053125 0.025000
4 0.226562 0.247917 0.078125 0.040278
4 0.164062 0.134722 0.048958 0.030556
4 0.270833 0.040972 0.058333 0.034722
4 0.143750 0.050000 0.043750 0.030556
4 0.050521 0.336806 0.071875 0.034722
4 0.020833 0.056250 0.039583 0.059722
4 0.009896 0.070833 0.015625 0.036111
4 0.777604 0.257639 0.023958 0.026389
4 0.728125 0.227778 0.029167 0.027778
4 0.022396 0.518750 0.044792 0.040278