6 0.897360 0.211792 0.157756 0.123188
6 0.582508 0.121212 0.206601 0.072464
6 0.569967 0.290843 0.137954 0.116601
6 0.679208 0.343544 0.199340 0.145586
6 0.850165 0.290843 0.180858 0.090250
6 0.873267 0.121212 0.163696 0.071146
6 0.370297 0.284914 0.054125 0.045455
6 0.774257 0.182806 0.125413 0.062582
6 0.420462 0.320817 0.058086 0.085639
8 0.370627 0.527668 0.475908 0.401845
6 0.903960 0.057312 0.140594 0.114625
6 0.597690 0.225626 0.133993 0.087615
6 0.311551 0.832345 0.149175 0.135046
6 0.290099 0.429842 0.081188 0.071805
6 0.795050 0.047101 0.143234 0.094203
6 0.285149 0.228590 0.165017 0.105402
6 0.829043 0.245389 0.125413 0.062582
6 0.599340 0.180830 0.125413 0.062582
6 0.289109 0.376812 0.165017 0.105402
6 0.628053 0.050395 0.133993 0.087615
6 0.716502 0.068182 0.064026 0.062582
6 0.697690 0.128129 0.084488 0.062582
6 0.537294 0.170619 0.036964 0.027668