4 0.423096 0.895757 0.020996 0.024140
4 0.912109 0.145940 0.025391 0.034382
4 0.577393 0.918800 0.052246 0.043892
2 0.519043 0.344550 0.085938 0.141917
4 0.803711 0.168617 0.037109 0.037308
4 0.855225 0.427944 0.038574 0.032187
4 0.861084 0.174835 0.025879 0.038040
4 0.772217 0.262619 0.020020 0.030724
4 0.825684 0.313094 0.024414 0.040966
4 0.928711 0.218361 0.036133 0.043160
4 0.784668 0.124726 0.036133 0.037308
4 0.306885 0.960132 0.033691 0.046086
4 0.732666 0.163131 0.023926 0.024872
4 0.693359 0.083760 0.030273 0.028530
4 0.340332 0.821141 0.010742 0.031456
4 0.418457 0.966350 0.006836 0.026335
4 0.420410 0.911485 0.021484 0.010241
4 0.705811 0.957206 0.029785 0.025604
4 0.721924 0.891734 0.025879 0.032187
4 0.637207 0.945135 0.028320 0.014631
4 0.723145 0.826262 0.023438 0.013899