4 0.037354 0.590169 0.074707 0.087891
4 0.699707 0.275716 0.097656 0.106120
4 0.158936 0.678711 0.098145 0.094401
4 0.434570 0.089193 0.049805 0.072917
4 0.204834 0.411784 0.046387 0.057943
4 0.159424 0.680013 0.098145 0.093099
4 0.100830 0.503255 0.074707 0.054688
4 0.351074 0.512695 0.065430 0.065755
4 0.303955 0.665690 0.050293 0.050130
8 0.561768 0.721680 0.174316 0.274089
4 0.302002 0.471680 0.045410 0.059245
4 0.339844 0.164714 0.036133 0.067708
4 0.164795 0.367513 0.056152 0.057943
4 0.722900 0.659180 0.045410 0.133464
4 0.759766 0.740234 0.033203 0.033854
4 0.762451 0.821940 0.025879 0.029297
4 0.650391 0.789714 0.020508 0.020833