4 0.492920 0.219076 0.054199 0.046224
4 0.474609 0.130208 0.024414 0.049479
4 0.374512 0.132161 0.033203 0.055990
4 0.608154 0.305664 0.076660 0.043620
4 0.171387 0.095052 0.035156 0.059896
4 0.636719 0.347331 0.066406 0.042318
4 0.454102 0.350260 0.073242 0.063802
4 0.447266 0.159180 0.060547 0.055339
3 0.463379 0.471029 0.187500 0.142578
4 0.605225 0.030924 0.043457 0.041016
4 0.543213 0.226237 0.060059 0.033203
4 0.104004 0.176432 0.130859 0.113281
4 0.282959 0.138021 0.046387 0.036458
4 0.220459 0.040690 0.058105 0.081380
4 0.290527 0.037760 0.031250 0.075521
4 0.271973 0.184896 0.041992 0.048177
4 0.323242 0.208008 0.013672 0.077474
4 0.290283 0.195312 0.027832 0.040365
4 0.351562 0.163411 0.057617 0.071615
4 0.600586 0.140951 0.054688 0.060547
4 0.608643 0.128581 0.039551 0.073568
4 0.637207 0.415690 0.031250 0.047526
4 0.486328 0.063802 0.013672 0.063802