4 0.960612 0.692871 0.074870 0.041016
4 0.719076 0.128906 0.059245 0.026367
4 0.682943 0.152344 0.046875 0.033203
4 0.844727 0.788330 0.091797 0.029785
2 0.527995 0.521729 0.750000 0.219238
4 0.968099 0.749023 0.063802 0.028320
4 0.808919 0.669678 0.044922 0.038574
4 0.835938 0.976074 0.109375 0.047852
4 0.365560 0.992432 0.072266 0.015137
4 0.177409 0.189453 0.082682 0.033203
4 0.406901 0.192871 0.057292 0.037109
4 0.421875 0.107910 0.015625 0.022461
4 0.557292 0.049805 0.035156 0.032227
4 0.528320 0.118652 0.016276 0.018555