4 0.301750 0.074644 0.021500 0.030758
4 0.629250 0.101650 0.053500 0.032258
4 0.886750 0.528507 0.033500 0.033758
4 0.390000 0.252063 0.018000 0.028507
4 0.136500 0.019880 0.058000 0.039760
5 0.159000 0.829707 0.177000 0.123031
4 0.209000 0.041260 0.026000 0.030008
4 0.917000 0.557389 0.025000 0.033008
4 0.193250 0.076144 0.028500 0.024756
4 0.972500 0.405851 0.055000 0.076519
4 0.722000 0.618905 0.041000 0.036009
4 0.810500 0.159790 0.036000 0.063016
2 0.527500 0.428357 0.385000 0.352588
4 0.809000 0.544261 0.015000 0.012753
4 0.815750 0.539385 0.009500 0.012003
4 0.744000 0.226182 0.014000 0.029257
4 0.841750 0.218680 0.018500 0.015754
4 0.968000 0.048762 0.035000 0.030008
4 0.960750 0.157164 0.028500 0.035259
4 0.977000 0.214554 0.020000 0.025506
4 0.952250 0.206677 0.023500 0.033758
4 0.929000 0.078020 0.026000 0.013503
4 0.954750 0.102776 0.010500 0.027007
4 0.935000 0.134659 0.018000 0.032258
4 0.849750 0.097149 0.014500 0.017254
4 0.871750 0.156039 0.017500 0.028507
4 0.826500 0.088147 0.020000 0.026257
4 0.870250 0.019505 0.010500 0.028507
4 0.900000 0.055889 0.018000 0.024756
4 0.933500 0.054014 0.018000 0.019505
4 0.946750 0.028507 0.011500 0.028507
4 0.744000 0.099025 0.020000 0.019505
4 0.588000 0.109527 0.038000 0.028507
4 0.691500 0.043511 0.017000 0.019505
4 0.644000 0.115154 0.013000 0.020255
4 0.590000 0.065266 0.014000 0.009002
4 0.511250 0.098650 0.007500 0.023256
4 0.665500 0.273443 0.042000 0.030758
4 0.469250 0.238560 0.028500 0.015004
4 0.450000 0.246812 0.011000 0.013503
4 0.423750 0.090023 0.076500 0.103526
4 0.313500 0.079895 0.019000 0.021755
4 0.260500 0.034884 0.013000 0.015754
4 0.259750 0.132783 0.008500 0.018005
4 0.131000 0.085896 0.048000 0.032258
4 0.049500 0.081395 0.010000 0.011253
4 0.075250 0.078395 0.011500 0.009752
4 0.385750 0.333083 0.014500 0.021005
4 0.374000 0.297824 0.009000 0.010503
4 0.356000 0.330458 0.011000 0.011253
4 0.365000 0.282446 0.011000 0.011253
1 0.316500 0.340585 0.021000 0.018005
4 0.457250 0.168417 0.027500 0.018755
4 0.943500 0.724306 0.040000 0.053263
4 0.988000 0.732933 0.024000 0.049512