4 0.544922 0.701823 0.176758 0.127604
4 0.979736 0.107422 0.039551 0.069010
4 0.674316 0.145182 0.077148 0.057292
4 0.572754 0.321289 0.079102 0.080078
4 0.033936 0.272461 0.067871 0.054036
4 0.381104 0.303385 0.053223 0.042969
4 0.337891 0.438477 0.067383 0.134766
4 0.869629 0.016276 0.055664 0.032552
4 0.141357 0.316081 0.098145 0.052734
4 0.659912 0.088216 0.047363 0.039714
4 0.070801 0.376302 0.088867 0.057292
4 0.205566 0.277344 0.051758 0.049479
4 0.595703 0.101237 0.060547 0.046224
4 0.299072 0.166667 0.052246 0.037760
8 0.356689 0.515299 0.071777 0.044922
4 0.338135 0.438151 0.067871 0.134115
4 0.746826 0.214518 0.062988 0.060547
4 0.173340 0.245768 0.044922 0.044922
4 0.593018 0.267904 0.051270 0.059245
4 0.293213 0.312174 0.082520 0.044922
4 0.261230 0.565755 0.121094 0.075521
4 0.378662 0.201823 0.060059 0.049479
4 0.046143 0.410156 0.092285 0.052083
4 0.585938 0.051758 0.041016 0.035807
4 0.139404 0.390299 0.063965 0.038411
4 0.261719 0.465169 0.029297 0.030599
4 0.720459 0.040690 0.049316 0.046224
4 0.461914 0.273112 0.080078 0.078776
4 0.173584 0.351888 0.076660 0.047526
4 0.457275 0.340820 0.038574 0.039714
4 0.562012 0.158854 0.051758 0.046875
4 0.015137 0.536458 0.030273 0.074219
4 0.398193 0.149414 0.072754 0.050130
4 0.350098 0.343099 0.089844 0.052083
4 0.166504 0.142578 0.044922 0.035156
4 0.199463 0.191406 0.078613 0.050781
4 0.199951 0.438802 0.078613 0.074219
4 0.902344 0.124349 0.078125 0.083333
4 0.473145 0.174805 0.070312 0.055339
4 0.877197 0.872721 0.220215 0.149089
4 0.744385 0.403971 0.109863 0.099609
4 0.948730 0.283203 0.068359 0.076823
4 0.093018 0.519857 0.156738 0.091797
4 0.101562 0.239909 0.078125 0.048828
2 0.633301 0.714844 0.521484 0.281250
4 0.204102 0.156250 0.034180 0.019531
4 0.178467 0.327474 0.050293 0.031250
4 0.119141 0.355143 0.047852 0.020182
4 0.235107 0.423828 0.022949 0.049479
4 0.256836 0.413411 0.024414 0.044271
4 0.232910 0.279948 0.029297 0.075521
4 0.256836 0.305013 0.049805 0.070964
4 0.421875 0.378906 0.018555 0.042969
4 0.729248 0.427409 0.047363 0.052734
4 0.681152 0.486654 0.079102 0.087891
4 0.634277 0.334635 0.041016 0.044271
4 0.698730 0.343750 0.039062 0.049479
4 0.677734 0.179688 0.061523 0.026042
4 0.693604 0.083659 0.031738 0.034505
4 0.857910 0.105469 0.035156 0.049479
4 0.889648 0.054362 0.036133 0.037109
4 0.948975 0.361979 0.023926 0.041667
4 0.714600 0.138997 0.032715 0.033203
4 0.428711 0.248047 0.026367 0.045573
4 0.423340 0.200846 0.018555 0.044922
4 0.422363 0.176107 0.027344 0.031901
4 0.451416 0.227539 0.026855 0.035807
4 0.520752 0.285156 0.031738 0.035156
4 0.276367 0.112305 0.030273 0.031901
4 0.354980 0.143555 0.028320 0.027995
4 0.590820 0.146484 0.016602 0.022135