4 0.082031 0.254232 0.042969 0.042318
4 0.172607 0.229167 0.048340 0.039062
4 0.033936 0.281901 0.041504 0.037760
2 0.608643 0.532227 0.547363 0.262370
4 0.074951 0.310547 0.026855 0.035156
4 0.026367 0.119141 0.049805 0.031250
4 0.044678 0.226888 0.025879 0.043620
4 0.122559 0.282552 0.023438 0.037760
4 0.678467 0.755534 0.095215 0.086589
4 0.315674 0.229167 0.021973 0.018229
4 0.070557 0.175456 0.015137 0.030599
4 0.852051 0.271159 0.044922 0.038411
4 0.682861 0.182617 0.064941 0.038411
4 0.697754 0.151693 0.056641 0.036458
4 0.632812 0.272135 0.065430 0.031250
4 0.574951 0.334961 0.018066 0.020182
4 0.699951 0.359375 0.041504 0.032552
4 0.623047 0.111979 0.053711 0.039062
4 0.552490 0.305013 0.019043 0.018880
4 0.517578 0.338216 0.014648 0.018880
4 0.741699 0.216471 0.054688 0.033203
4 0.706055 0.295898 0.049805 0.030599