4 0.512083 0.108889 0.089167 0.093333
3 0.466250 0.515000 0.454167 0.741111
4 0.023333 0.465000 0.040000 0.098889
4 0.147917 0.317778 0.037500 0.048889
4 0.246250 0.378889 0.037500 0.020000
4 0.062917 0.554444 0.020833 0.044444
4 0.044583 0.607222 0.022500 0.047778
4 0.083750 0.424444 0.014167 0.048889
4 0.180833 0.365556 0.015000 0.042222
4 0.210000 0.372778 0.016667 0.054444
4 0.185417 0.470000 0.024167 0.033333
4 0.132083 0.561111 0.029167 0.042222
4 0.195417 0.575000 0.017500 0.045556
4 0.259167 0.667222 0.020000 0.043333
4 0.269583 0.691667 0.020833 0.047778
4 0.273333 0.712222 0.013333 0.044444
4 0.297083 0.722222 0.012500 0.044444