4 0.586426 0.887044 0.075195 0.039714
4 0.515625 0.763997 0.066406 0.041016
1 0.869873 0.632161 0.077637 0.089844
4 0.627441 0.163737 0.083984 0.031901
4 0.586914 0.716797 0.055664 0.042969
4 0.638672 0.723307 0.064453 0.052083
4 0.356934 0.919596 0.064453 0.033203
4 0.194336 0.856771 0.058594 0.046875
4 0.145996 0.792318 0.038086 0.029948
4 0.125488 0.961589 0.044922 0.035156
4 0.230957 0.986003 0.047852 0.027995
4 0.186768 0.491536 0.043457 0.037760
4 0.174805 0.193685 0.050781 0.027995
4 0.052246 0.450846 0.033203 0.025391
4 0.089600 0.444661 0.020996 0.011719
4 0.318115 0.321289 0.034668 0.024089
4 0.385986 0.316732 0.042480 0.018880
4 0.416504 0.411458 0.039062 0.018229
4 0.566406 0.363281 0.036133 0.026042
4 0.732910 0.124349 0.041992 0.029948
4 0.526123 0.015625 0.038574 0.018229
4 0.982178 0.052409 0.035645 0.024089
4 0.843994 0.080404 0.027832 0.013672
4 0.883545 0.083008 0.026855 0.016276
8 0.467529 0.472982 0.329590 0.211589