4 0.771729 0.300130 0.052246 0.036458
4 0.734863 0.496094 0.049805 0.058594
4 0.864258 0.335612 0.040039 0.037109
4 0.768555 0.426107 0.022461 0.044922
4 0.571533 0.277995 0.034668 0.037760
4 0.211182 0.119792 0.053223 0.032552
4 0.044678 0.102214 0.055176 0.045573
4 0.165527 0.233073 0.038086 0.035156
2 0.513428 0.443685 0.403809 0.222005
4 0.665527 0.229167 0.047852 0.041667
4 0.761475 0.352865 0.040527 0.036458
4 0.849854 0.443685 0.039551 0.048828
4 0.967285 0.347982 0.036133 0.035807
4 0.675293 0.512695 0.055664 0.129557
1 0.887939 0.477865 0.018066 0.044271
4 0.797119 0.210938 0.031738 0.024740