4 0.491699 0.037760 0.028320 0.066840
4 0.170898 0.585069 0.033203 0.062500
4 0.533447 0.128906 0.043457 0.059896
4 0.613281 0.103733 0.052734 0.051215
4 0.618896 0.610243 0.026855 0.041667
4 0.345703 0.077691 0.036133 0.052951
4 0.272705 0.049479 0.040527 0.057292
4 0.584473 0.265191 0.049805 0.091146
4 0.178223 0.231337 0.036133 0.070312
4 0.673096 0.863715 0.044434 0.055556
4 0.589600 0.077691 0.032715 0.056424
4 0.146973 0.083767 0.064453 0.066840
4 0.447998 0.190538 0.049316 0.068576
2 0.474365 0.457031 0.266113 0.226562
4 0.385498 0.179688 0.047363 0.074653
4 0.060303 0.082899 0.035645 0.061632
4 0.789307 0.493490 0.038574 0.092882
4 0.229980 0.200955 0.035156 0.066840
4 0.385742 0.179688 0.046875 0.076389
4 0.528076 0.184462 0.048340 0.068576
4 0.729248 0.485677 0.028809 0.089410
4 0.941406 0.593316 0.045898 0.082465
4 0.744141 0.958767 0.062500 0.061632
4 0.823242 0.728733 0.030273 0.047743
4 0.425049 0.583333 0.030762 0.031250
4 0.065674 0.331163 0.031738 0.051215
4 0.254883 0.255642 0.030273 0.040799
4 0.434814 0.132378 0.028809 0.061632
4 0.488525 0.151910 0.037598 0.053819
4 0.377930 0.024740 0.033203 0.049479
4 0.337158 0.029080 0.035645 0.054688
4 0.203369 0.165365 0.024902 0.035590
4 0.261230 0.127604 0.023438 0.039931
4 0.195068 0.091580 0.039551 0.077257
4 0.136719 0.019531 0.057617 0.039062
4 0.209229 0.020399 0.032715 0.040799
4 0.233643 0.050781 0.033691 0.080729