4 0.447917 0.100000 0.072500 0.067500
4 0.552917 0.373750 0.107500 0.157500
4 0.701250 0.278750 0.070833 0.145000
4 0.068750 0.744375 0.084167 0.061250
4 0.376667 0.455625 0.126667 0.076250
4 0.098333 0.208750 0.110000 0.075000
4 0.195000 0.476250 0.136667 0.130000
4 0.117083 0.503750 0.085833 0.090000
4 0.067500 0.506250 0.093333 0.175000
4 0.504583 0.145625 0.040833 0.128750
4 0.719167 0.089375 0.061667 0.111250
4 0.692500 0.166875 0.050000 0.076250
4 0.212500 0.749375 0.050000 0.081250
4 0.125833 0.853750 0.083333 0.040000
3 0.677500 0.691250 0.348333 0.360000
4 0.351250 0.631250 0.047500 0.125000
4 0.416667 0.548125 0.043333 0.066250
10 0.394167 0.533125 0.191667 0.101250