0 0.690674 0.426107 0.133301 0.121745
0 0.390137 0.291667 0.085938 0.071615
0 0.472412 0.273438 0.079590 0.071615
0 0.266602 0.274089 0.085938 0.067708
0 0.542236 0.317708 0.091309 0.074219
0 0.528320 0.545898 0.099609 0.115234
0 0.375732 0.440430 0.075684 0.057943
4 0.362061 0.456706 0.067871 0.041016
0 0.352051 0.376953 0.101562 0.074219
0 0.129395 0.358073 0.052734 0.065104
0 0.120605 0.321615 0.086914 0.070312
4 0.471436 0.289062 0.018066 0.009115
4 0.588623 0.298503 0.014160 0.007161
4 0.629150 0.305664 0.023926 0.012370
4 0.650391 0.332682 0.015625 0.006510
4 0.689453 0.316406 0.024414 0.009115
4 0.749756 0.293945 0.024902 0.008464
4 0.760986 0.318685 0.025879 0.012370
4 0.839355 0.301758 0.028320 0.008464
4 0.214600 0.444010 0.074707 0.065104
4 0.215332 0.386719 0.046875 0.031250
4 0.133789 0.935547 0.126953 0.128906