0 0.623779 0.683158 0.355957 0.221053
0 0.615479 0.493684 0.378418 0.177544
4 0.312256 0.447719 0.240723 0.238596
4 0.371338 0.839298 0.231934 0.220351
4 0.765625 0.819649 0.313477 0.200702
4 0.935791 0.527018 0.128418 0.162807
0 0.874268 0.272632 0.251465 0.265965
0 0.947754 0.115789 0.104492 0.189474
0 0.836182 0.100702 0.305176 0.201404
0 0.681396 0.078947 0.083496 0.157895
0 0.667236 0.272632 0.190918 0.167719
0 0.552002 0.248772 0.191895 0.171930
0 0.588135 0.368421 0.280762 0.124912
0 0.335693 0.627368 0.145020 0.143158
4 0.348877 0.711579 0.165527 0.310175