4 0.582031 0.323351 0.119141 0.111979
10 0.359619 0.900174 0.098145 0.189236
4 0.934082 0.625434 0.129883 0.174479
8 0.253418 0.481337 0.160156 0.188368
4 0.565430 0.769965 0.155273 0.128472
8 0.559814 0.096354 0.118652 0.192708
8 0.085693 0.441406 0.142090 0.091146
4 0.169434 0.701389 0.192383 0.114583
8 0.481201 0.075955 0.141113 0.144965
4 0.097168 0.369792 0.091797 0.069444
4 0.090088 0.894531 0.180176 0.210938
8 0.371094 0.477431 0.122070 0.190972
4 0.118408 0.635417 0.086426 0.062500
8 0.661621 0.132812 0.113281 0.260417
8 0.311035 0.636285 0.152344 0.090278
8 0.806396 0.430122 0.121582 0.243924
4 0.038818 0.234809 0.077637 0.177951
4 0.568604 0.491319 0.096191 0.126736
4 0.698975 0.654514 0.069824 0.251736
8 0.649414 0.175347 0.135742 0.140625
4 0.791748 0.667535 0.064941 0.098958
4 0.908691 0.798611 0.155273 0.166667
4 0.412842 0.677951 0.107910 0.236111
4 0.312012 0.768229 0.089844 0.102431
4 0.414307 0.874132 0.072754 0.215278
4 0.247314 0.738281 0.067871 0.127604