4 0.755127 0.786133 0.062988 0.070964
4 0.199463 0.407878 0.088379 0.051432
4 0.314941 0.212240 0.046875 0.049479
4 0.829346 0.927083 0.047363 0.059896
4 0.645508 0.134115 0.048828 0.067708
4 0.227783 0.128255 0.044434 0.029948
4 0.449463 0.266927 0.033691 0.074219
4 0.771240 0.833659 0.061035 0.065755
4 0.401367 0.162435 0.078125 0.063151
4 0.189941 0.221029 0.036133 0.046224
4 0.721436 0.257812 0.030762 0.044271
4 0.389893 0.672852 0.069824 0.052734
4 0.539062 0.282552 0.034180 0.023438
4 0.964600 0.043945 0.047363 0.073568
4 0.304932 0.017578 0.046387 0.035156
4 0.504883 0.726562 0.049805 0.050781
4 0.467041 0.201172 0.039551 0.040365
4 0.676025 0.679036 0.029785 0.066406
4 0.357178 0.204753 0.068848 0.061849
4 0.597168 0.033854 0.049805 0.067708
4 0.505859 0.069661 0.028320 0.063802
1 0.926270 0.519857 0.054688 0.067057
1 0.468018 0.149089 0.044434 0.070312
4 0.604980 0.110026 0.028320 0.026042
4 0.596924 0.165690 0.022949 0.042318
4 0.715088 0.141602 0.025879 0.046224
4 0.621338 0.225586 0.027832 0.027995
4 0.581299 0.281901 0.049316 0.041667
0 0.424316 0.466146 0.777344 0.345052