4 0.660400 0.442057 0.043457 0.036458
4 0.699463 0.814453 0.088379 0.061198
4 0.193604 0.632161 0.078613 0.066406
0 0.401367 0.481771 0.249023 0.188802
4 0.650146 0.375000 0.056152 0.033854
4 0.578613 0.338542 0.060547 0.109375
4 0.922119 0.644206 0.153809 0.091797
0 0.092041 0.226888 0.177246 0.124349
4 0.612061 0.436198 0.039551 0.037760
4 0.800781 0.260742 0.125977 0.107422
4 0.403076 0.969727 0.034668 0.059245
0 0.325439 0.340820 0.198730 0.121745
4 0.035156 0.708008 0.029297 0.098307
4 0.306885 0.833984 0.107910 0.042969
4 0.096680 0.719727 0.062500 0.069661
4 0.751465 0.441081 0.068359 0.099609
4 0.820801 0.546224 0.035156 0.066406
4 0.617676 0.663086 0.016602 0.029297
4 0.619629 0.643880 0.019531 0.018229
4 0.240967 0.469727 0.110840 0.100911