4 0.217041 0.270330 0.029785 0.021978
4 0.845947 0.289011 0.027832 0.027106
4 0.209473 0.326740 0.027344 0.042491
4 0.455078 0.139194 0.024414 0.029304
4 0.784668 0.413187 0.030273 0.033700
4 0.836914 0.349817 0.041992 0.035897
3 0.578613 0.285348 0.477539 0.380220
4 0.723145 0.460440 0.042969 0.041758
4 0.692383 0.071795 0.028320 0.026374
4 0.099121 0.157875 0.033203 0.025641
4 0.007324 0.077656 0.012695 0.021978
4 0.014160 0.017582 0.024414 0.021978
4 0.084961 0.032234 0.021484 0.030769
4 0.105469 0.012821 0.015625 0.025641
4 0.118164 0.032967 0.015625 0.017582
4 0.133789 0.009158 0.013672 0.018315
4 0.213867 0.011355 0.031250 0.022711
4 0.163574 0.077656 0.016602 0.019048
4 0.199707 0.078388 0.026367 0.017582
4 0.238281 0.052747 0.019531 0.021978
4 0.184082 0.160440 0.008789 0.023443
4 0.143066 0.226374 0.043945 0.026374
4 0.078613 0.267399 0.020508 0.023443
4 0.317871 0.060806 0.030273 0.032234
4 0.357422 0.040293 0.029297 0.020513
4 0.400391 0.010989 0.042969 0.020513
4 0.308350 0.134799 0.049316 0.027839
4 0.285889 0.231136 0.027832 0.027106
4 0.208496 0.223810 0.014648 0.025641
4 0.231201 0.217582 0.029785 0.019048
4 0.219727 0.241026 0.022461 0.016117
4 0.349121 0.080220 0.020508 0.027106
4 0.292236 0.300366 0.023926 0.026374
4 0.326416 0.358974 0.020020 0.011722
4 0.293213 0.382051 0.030762 0.030037
4 0.418701 0.062637 0.010254 0.028571
4 0.482178 0.049451 0.024902 0.018315
4 0.496582 0.089377 0.015625 0.016117
4 0.617676 0.047619 0.019531 0.027839
4 0.585205 0.047985 0.008301 0.022711
4 0.209473 0.160073 0.014648 0.010989
4 0.187500 0.324176 0.015625 0.028571
4 0.237549 0.322711 0.014160 0.018315