4 0.224365 0.306424 0.017090 0.017361
4 0.595703 0.364149 0.029297 0.033854
4 0.710449 0.399740 0.011719 0.023438
4 0.311768 0.568576 0.031738 0.036458
4 0.682617 0.466146 0.025391 0.031250
0 0.415771 0.498264 0.124512 0.100694
4 0.504150 0.233941 0.014160 0.019965
4 0.653809 0.431858 0.005859 0.019965
4 0.686768 0.019097 0.021973 0.024306
4 0.680176 0.402344 0.013672 0.025174
4 0.522217 0.588542 0.046387 0.053819
4 0.553711 0.204861 0.011719 0.022569
4 0.209473 0.111545 0.016602 0.025174
4 0.414551 0.268229 0.019531 0.057292
4 0.446045 0.338542 0.006348 0.046875
4 0.327148 0.601997 0.025391 0.030382
1 0.162109 0.787760 0.021484 0.026910
4 0.034912 0.584635 0.029785 0.028646
4 0.306885 0.956597 0.028809 0.078125
4 0.619141 0.456597 0.011719 0.020833
4 0.604492 0.492622 0.008789 0.013021
4 0.609619 0.535156 0.006348 0.018229
4 0.472412 0.596354 0.013184 0.013889