8 0.161834 0.910224 0.187304 0.172070
9 0.494122 0.407107 0.174765 0.170823
9 0.623041 0.419576 0.205329 0.278055
9 0.255878 0.739401 0.137147 0.144638
9 0.423197 0.241272 0.128527 0.175810
9 0.650862 0.142145 0.094828 0.219451
9 0.423981 0.377805 0.202194 0.184539
4 0.136364 0.438279 0.079937 0.093516
9 0.872257 0.051746 0.089342 0.103491
4 0.853448 0.115960 0.036050 0.067332
4 0.923589 0.191397 0.043103 0.083541
4 0.553683 0.902120 0.066614 0.188279
4 0.612069 0.892145 0.051724 0.133416
4 0.731191 0.807357 0.081505 0.123441
4 0.477665 0.875312 0.066614 0.129676
9 0.304075 0.400873 0.147335 0.170823
9 0.257053 0.412095 0.148903 0.233167
4 0.238245 0.459476 0.073668 0.143392