2 0.627930 0.480519 0.672852 0.653247
8 0.939941 0.844805 0.120117 0.105195
4 0.697998 0.799351 0.062988 0.037662
4 0.721924 0.763636 0.029785 0.028571
4 0.889404 0.585065 0.097168 0.071429
4 0.770996 0.632143 0.030273 0.044805
4 0.627441 0.157792 0.020508 0.041558
4 0.434326 0.095455 0.048340 0.084416
4 0.222656 0.196104 0.041016 0.032468
4 0.142334 0.357792 0.055176 0.041558
4 0.473633 0.592857 0.133789 0.074026
4 0.520508 0.769805 0.031250 0.030519
4 0.302979 0.709091 0.036621 0.068831
8 0.455078 0.531169 0.095703 0.080519
4 0.044922 0.467532 0.083984 0.079221