4 0.667236 0.539286 0.043457 0.031818
2 0.684814 0.302597 0.510254 0.571429
1 0.613037 0.635065 0.034668 0.049351
4 0.571533 0.669481 0.045410 0.049351
4 0.640869 0.608117 0.046387 0.037013
4 0.706299 0.738961 0.044434 0.029870
4 0.036133 0.190260 0.072266 0.118182
4 0.068359 0.412662 0.051758 0.082468
1 0.211914 0.416234 0.038086 0.048052
4 0.329102 0.423377 0.057617 0.029870
4 0.415283 0.467532 0.023926 0.020779
4 0.398438 0.265584 0.013672 0.019481
8 0.151855 0.131169 0.176758 0.200000
4 0.533447 0.739286 0.084473 0.057792
4 0.675781 0.792532 0.066406 0.038312
4 0.775635 0.820779 0.081543 0.051948
4 0.710449 0.695130 0.035156 0.047403
4 0.725098 0.686364 0.027344 0.028571
4 0.692627 0.659740 0.029785 0.020779
4 0.608643 0.699351 0.032715 0.037662
6 0.357910 0.897403 0.191406 0.200000
4 0.892090 0.851623 0.115234 0.077273
4 0.943848 0.917532 0.102539 0.079221
4 0.817383 0.871104 0.068359 0.053896
4 0.661133 0.654545 0.052734 0.035065
4 0.479736 0.632792 0.060059 0.068182
4 0.531006 0.650325 0.026855 0.038312
4 0.470947 0.530519 0.036621 0.016883
4 0.473877 0.546753 0.019043 0.019481
4 0.458984 0.542208 0.029297 0.028571
4 0.461426 0.574675 0.041016 0.035065
4 0.380859 0.650325 0.116211 0.096753
8 0.433838 0.587987 0.076660 0.037013
4 0.832764 0.830519 0.012207 0.020779
4 0.690674 0.714286 0.032715 0.040260
4 0.614990 0.589286 0.027832 0.024026