8 0.152832 0.680844 0.305664 0.320130
1 0.761719 0.940584 0.118164 0.107143
4 0.137207 0.165909 0.056641 0.148701
2 0.416504 0.492857 0.309570 0.274026
4 0.223389 0.832792 0.086426 0.111039
4 0.885742 0.507792 0.227539 0.310390
8 0.625977 0.936364 0.169922 0.127273
4 0.541992 0.937013 0.017578 0.024675
4 0.575195 0.954221 0.037109 0.037013
4 0.370605 0.860065 0.010742 0.038312
4 0.411621 0.875649 0.017578 0.025325
4 0.415283 0.913636 0.018066 0.022078
4 0.386475 0.920455 0.044434 0.033117
4 0.433594 0.637662 0.011719 0.028571
4 0.098389 0.335714 0.067871 0.027273
4 0.649414 0.431818 0.078125 0.050649