2 0.626221 0.457143 0.352051 0.784416
4 0.393311 0.590260 0.120605 0.067532
4 0.135742 0.744805 0.025391 0.059740
4 0.092529 0.788636 0.109863 0.033117
4 0.191162 0.766558 0.036621 0.047403
4 0.111328 0.828896 0.046875 0.052597
4 0.216309 0.561039 0.080078 0.031169
4 0.261963 0.316883 0.082520 0.116883
4 0.737793 0.509091 0.065430 0.070130
4 0.872559 0.480519 0.013672 0.046753
4 0.887207 0.489935 0.026367 0.034416
4 0.907959 0.550325 0.040527 0.018831
4 0.810791 0.460390 0.024902 0.024675
4 0.950195 0.614286 0.056641 0.024675
4 0.721680 0.484416 0.021484 0.015584
4 0.801025 0.412013 0.026855 0.027922
4 0.287354 0.680195 0.022949 0.043506
4 0.436768 0.714610 0.041504 0.056494
4 0.186523 0.136039 0.038086 0.078571
4 0.066406 0.211039 0.022461 0.055844
4 0.044922 0.339610 0.022461 0.063636
4 0.185303 0.361039 0.027832 0.046753
4 0.224854 0.402597 0.012207 0.028571
4 0.228027 0.383442 0.015625 0.037013
4 0.268311 0.367208 0.020996 0.042208
4 0.304199 0.365260 0.009766 0.027922
4 0.257324 0.408117 0.011719 0.024026
4 0.360840 0.248052 0.005859 0.051948
4 0.163330 0.241883 0.014160 0.040909
4 0.212646 0.237662 0.010254 0.031169
4 0.235107 0.317857 0.013184 0.038312
4 0.357422 0.058442 0.030273 0.057143