2 0.460526 0.526753 0.292570 0.190037
4 0.963622 0.535055 0.029412 0.025830
8 0.366099 0.337638 0.199690 0.088561
4 0.276316 0.419742 0.091331 0.060886
4 0.985294 0.500000 0.026316 0.033210
4 0.414861 0.685424 0.092879 0.046125
4 0.845975 0.600554 0.075851 0.042435
4 0.708978 0.518450 0.108359 0.070111
4 0.437307 0.740775 0.091331 0.057196
4 0.747678 0.472325 0.108359 0.059041
4 0.948142 0.579336 0.057276 0.040590
4 0.551084 0.402214 0.160991 0.110701
4 0.813467 0.566421 0.044892 0.025830
4 0.666409 0.599631 0.035604 0.051661
4 0.368421 0.337638 0.191950 0.081181