4 0.336426 0.581706 0.070312 0.042318
4 0.355957 0.020833 0.010742 0.014323
4 0.118408 0.160482 0.024902 0.021484
4 0.678955 0.019531 0.039551 0.039062
4 0.358154 0.622070 0.077637 0.089193
4 0.310791 0.822266 0.054199 0.059896
2 0.492676 0.544922 0.284180 0.259115
4 0.244385 0.178060 0.019043 0.025391
4 0.182129 0.213867 0.037109 0.016276
4 0.267822 0.151042 0.022949 0.020833
4 0.380859 0.095703 0.033203 0.031250
4 0.133057 0.690430 0.061035 0.103516
4 0.081787 0.849935 0.049316 0.067057
4 0.062256 0.981445 0.060059 0.037109
4 0.223145 0.946289 0.048828 0.061849
4 0.765625 0.415690 0.036133 0.076172
4 0.674561 0.428060 0.043457 0.055339
4 0.577881 0.474284 0.026855 0.067057
4 0.557373 0.254883 0.075684 0.034505
4 0.533936 0.147461 0.064941 0.043620
4 0.675049 0.197917 0.022949 0.059896
4 0.600830 0.101888 0.026855 0.050130
4 0.613037 0.121419 0.038574 0.024089
4 0.577148 0.220703 0.049805 0.029948
4 0.330566 0.134115 0.019531 0.013021
4 0.319092 0.141602 0.020996 0.013672
4 0.303711 0.128255 0.015625 0.010417
4 0.307373 0.074219 0.014160 0.009115
4 0.401367 0.109375 0.014648 0.031250
4 0.385498 0.136393 0.015137 0.009766
4 0.395020 0.075521 0.012695 0.009115
4 0.344238 0.083333 0.012695 0.011719
4 0.301514 0.060872 0.011230 0.007161
4 0.220947 0.130208 0.019043 0.011719
4 0.136230 0.169271 0.020508 0.013021
4 0.160400 0.166667 0.012207 0.011719
4 0.213867 0.162760 0.008789 0.011719
4 0.204590 0.138021 0.010742 0.009115
4 0.152832 0.087240 0.016602 0.010417
4 0.268555 0.037109 0.017578 0.009115
4 0.292725 0.030273 0.016113 0.011068
4 0.316650 0.014648 0.018066 0.011068
4 0.351074 0.023438 0.013672 0.014323
4 0.425049 0.013346 0.011230 0.026693
4 0.500977 0.020182 0.013672 0.040365
4 0.521729 0.070312 0.010254 0.028646
4 0.525635 0.010417 0.009277 0.018229
4 0.496094 0.122070 0.029297 0.025391
4 0.579834 0.146484 0.031738 0.031250
4 0.693848 0.128906 0.047852 0.027344
4 0.076416 0.542318 0.053223 0.022135
4 0.168701 0.550456 0.017090 0.020182
4 0.043213 0.340495 0.016113 0.010417
4 0.233398 0.380534 0.034180 0.025391
4 0.079834 0.225911 0.019043 0.011719
4 0.184326 0.225911 0.014160 0.009115
4 0.003906 0.191732 0.007812 0.016276
4 0.100098 0.074219 0.008789 0.013021
4 0.280518 0.173828 0.018066 0.013021
4 0.711426 0.271810 0.036133 0.051432