2 0.578369 0.484049 0.609863 0.413411
4 0.989014 0.891276 0.019043 0.050781
4 0.893066 0.756510 0.034180 0.041667
4 0.959229 0.602539 0.078613 0.048828
4 0.828125 0.561849 0.023438 0.035156
4 0.729980 0.636068 0.029297 0.049479
4 0.799561 0.287109 0.034668 0.019531
4 0.805420 0.333333 0.034668 0.020833
4 0.648682 0.247396 0.031738 0.020833
4 0.616455 0.283529 0.025879 0.014974
4 0.583740 0.278320 0.009277 0.014974
4 0.737305 0.201823 0.017578 0.018229
4 0.649902 0.171224 0.018555 0.019531
4 0.583496 0.129232 0.029297 0.014974
4 0.565186 0.184245 0.027832 0.022135
4 0.529297 0.188802 0.029297 0.020833
4 0.623779 0.070964 0.019043 0.016927
4 0.688721 0.122721 0.021973 0.024089
4 0.750244 0.071289 0.019043 0.018880
4 0.761475 0.062174 0.018066 0.016276
4 0.592529 0.022786 0.023926 0.016927
4 0.614990 0.041016 0.013184 0.010417
4 0.943848 0.084635 0.030273 0.031250
4 0.815430 0.084961 0.023438 0.016276