4 0.959345 0.523281 0.053854 0.037966
4 0.643083 0.420487 0.035903 0.037249
4 0.568638 0.444126 0.041183 0.037249
4 0.742344 0.262894 0.046463 0.025788
2 0.527983 0.581662 0.800422 0.257880
4 0.887012 0.361748 0.063358 0.030086
4 0.335269 0.347063 0.089757 0.037966
4 0.787223 0.539756 0.055966 0.029370
4 0.795671 0.563037 0.030623 0.020057
4 0.825238 0.564470 0.028511 0.024355
4 0.796199 0.584527 0.054910 0.021490
4 0.732313 0.552292 0.043295 0.018625
4 0.740232 0.534384 0.040127 0.022923
4 0.093981 0.234957 0.038015 0.031519