4 0.098910 0.635908 0.197819 0.130186
0 0.561916 0.655222 0.250000 0.240343
4 0.883956 0.846209 0.042056 0.055794
0 0.857477 0.470672 0.244548 0.288984
0 0.390576 0.495708 0.161215 0.130186
0 0.579439 0.845494 0.154206 0.120172
0 0.502336 0.748927 0.182243 0.135908
4 0.928349 0.625179 0.049844 0.051502
4 0.092679 0.895565 0.185358 0.185980
0 0.661604 0.417024 0.246885 0.250358
0 0.797897 0.661660 0.203271 0.187411
0 0.364097 0.597282 0.156542 0.155937
0 0.316199 0.671674 0.179128 0.236052
0 0.137461 0.436338 0.228193 0.165951
0 0.523364 0.489986 0.098131 0.124464
0 0.233255 0.769671 0.173676 0.171674
4 0.953660 0.778970 0.092679 0.121602
4 0.921729 0.804721 0.042835 0.041488
4 0.965343 0.819027 0.041277 0.047210
4 0.922508 0.866953 0.036604 0.034335
4 0.956776 0.851216 0.036604 0.045780
4 0.938863 0.924893 0.042835 0.044349
4 0.977804 0.932046 0.038162 0.064378
4 0.392913 0.800429 0.184579 0.141631
0 0.977414 0.473534 0.042056 0.177396