4 0.534668 0.079753 0.062500 0.064453
4 0.387939 0.075195 0.070801 0.063151
4 0.744629 0.263021 0.053711 0.031250
4 0.719482 0.060221 0.046387 0.039714
4 0.856934 0.074219 0.054688 0.033854
4 0.071289 0.641927 0.040039 0.058594
4 0.535889 0.415365 0.047363 0.029948
4 0.745605 0.139323 0.039062 0.029948
4 0.478027 0.410807 0.030273 0.045573
4 0.802979 0.686523 0.092285 0.076172
4 0.591064 0.470378 0.051270 0.030599
2 0.374512 0.622070 0.734375 0.750651
4 0.652100 0.282227 0.044434 0.033203
4 0.523438 0.101888 0.041992 0.029297
4 0.862549 0.660156 0.054199 0.031250
4 0.724365 0.438802 0.035645 0.015625
4 0.531738 0.377930 0.031250 0.026693
4 0.493652 0.381185 0.027344 0.017578
4 0.459229 0.366211 0.026855 0.014974
4 0.600098 0.303385 0.035156 0.019531
4 0.568359 0.270182 0.032227 0.022135
4 0.518311 0.284505 0.028809 0.016927
4 0.567627 0.226562 0.025879 0.018229
4 0.736816 0.287109 0.041016 0.024740
4 0.839844 0.283203 0.015625 0.016927
4 0.849609 0.155924 0.049805 0.016276
4 0.868164 0.132161 0.066406 0.037760
4 0.806885 0.115885 0.024902 0.018229
4 0.751465 0.164714 0.036133 0.019531
4 0.885498 0.071940 0.034668 0.018880
4 0.662598 0.147135 0.026367 0.024740
4 0.599609 0.192383 0.022461 0.022786
4 0.580322 0.189128 0.025879 0.013672
4 0.702393 0.171224 0.030762 0.019531
4 0.509033 0.224935 0.028809 0.022786
4 0.465332 0.259766 0.022461 0.016927
4 0.560791 0.157227 0.020020 0.012370
4 0.639893 0.126953 0.027832 0.015625