0 0.645020 0.734049 0.209961 0.158203
0 0.958008 0.699870 0.083984 0.173177
0 0.831299 0.750651 0.220215 0.200521
0 0.581299 0.265951 0.171387 0.128255
0 0.765381 0.615560 0.184082 0.130859
0 0.242432 0.597005 0.152832 0.110677
0 0.748047 0.461914 0.225586 0.189453
0 0.466064 0.764323 0.183105 0.170573
0 0.759521 0.238281 0.215332 0.143229
0 0.451904 0.590495 0.212402 0.158854
0 0.311035 0.437174 0.176758 0.133464
0 0.335205 0.276042 0.216309 0.121094
4 0.822510 0.884115 0.184082 0.113281
0 0.658203 0.600260 0.197266 0.144531
0 0.182617 0.333659 0.150391 0.090495
0 0.652832 0.475911 0.169922 0.121094
0 0.533936 0.533203 0.163574 0.113281
0 0.931152 0.190755 0.137695 0.105469
0 0.926514 0.289714 0.146973 0.118490
0 0.965576 0.519206 0.068848 0.107422
0 0.937988 0.583333 0.124023 0.101562
0 0.206787 0.731445 0.165527 0.078776
0 0.347412 0.769206 0.134277 0.095703
0 0.178711 0.632161 0.116211 0.083333
0 0.090576 0.509766 0.156738 0.085938
4 0.059326 0.610677 0.118652 0.132812
4 0.079346 0.806966 0.146973 0.080078