0 0.809780 0.759033 0.288509 0.135254
0 0.393643 0.729248 0.255257 0.141113
0 0.525428 0.635254 0.267482 0.103516
0 0.348166 0.539551 0.267971 0.155273
0 0.499267 0.447510 0.356968 0.151855
0 0.676039 0.411621 0.286064 0.197266
0 0.933741 0.297852 0.129584 0.145508
0 0.840587 0.200684 0.286553 0.118164
0 0.417848 0.274902 0.304645 0.120117
0 0.451834 0.051514 0.250367 0.091309
4 0.055257 0.128418 0.110513 0.083984
4 0.056968 0.234863 0.113936 0.108398
4 0.273839 0.166748 0.175061 0.116699
4 0.112469 0.506348 0.224939 0.152344
0 0.142787 0.680176 0.285575 0.128906