0 0.562988 0.753298 0.178711 0.117245
0 0.264404 0.703713 0.305176 0.148999
0 0.858154 0.676111 0.275879 0.204201
0 0.631348 0.630923 0.257812 0.151930
4 0.017090 0.250122 0.034180 0.063508
0 0.678223 0.436492 0.256836 0.151930
0 0.181396 0.560821 0.225098 0.107474
0 0.227295 0.436737 0.362793 0.157303
4 0.062012 0.680997 0.124023 0.120176
0 0.473633 0.751832 0.103516 0.114314
0 0.961426 0.295554 0.074219 0.114314
0 0.917725 0.313141 0.164551 0.090865
0 0.793945 0.337567 0.227539 0.105520
0 0.669434 0.316072 0.078125 0.074255
0 0.752441 0.807523 0.208008 0.164143
0 0.964600 0.849536 0.070801 0.093796
0 0.970215 0.440889 0.059570 0.090376
0 0.947266 0.475574 0.097656 0.082560