4 0.259766 0.259115 0.015625 0.037760
4 0.750488 0.231120 0.028320 0.036458
4 0.191895 0.382812 0.037109 0.026042
4 0.491699 0.205404 0.043945 0.039714
4 0.625488 0.256836 0.044922 0.038411
0 0.442383 0.589844 0.289062 0.177083
4 0.630127 0.337240 0.036621 0.029948
4 0.433350 0.837240 0.052246 0.082031
4 0.351318 0.155273 0.043457 0.033203
4 0.721191 0.316081 0.053711 0.041016
4 0.572021 0.896159 0.060059 0.039714
4 0.152588 0.795898 0.039551 0.041016
4 0.537354 0.464844 0.045410 0.024740
4 0.250488 0.969401 0.040039 0.045573
4 0.692139 0.156901 0.053223 0.032552
4 0.398682 0.685872 0.027832 0.037109
4 0.940918 0.349609 0.037109 0.061198
4 0.160400 0.282227 0.017090 0.047526
4 0.390625 0.514974 0.048828 0.045573
4 0.870361 0.702148 0.045410 0.086589
4 0.815918 0.628906 0.046875 0.075521
4 0.537109 0.539388 0.049805 0.046224
4 0.333984 0.385091 0.032227 0.022786
4 0.150146 0.138346 0.049316 0.047526
4 0.969971 0.465169 0.040527 0.047526
4 0.218262 0.292318 0.023438 0.032552
4 0.433838 0.523112 0.037598 0.022786