4 0.493750 0.695833 0.140000 0.165000
4 0.963750 0.906250 0.071250 0.159167
4 0.675937 0.205833 0.099375 0.071667
4 0.396562 0.895833 0.119375 0.093333
4 0.739375 0.248333 0.287500 0.121667
4 0.255000 0.021250 0.075000 0.042500
4 0.027500 0.930417 0.055000 0.077500
4 0.338125 0.053750 0.080000 0.057500
4 0.961562 0.534167 0.075625 0.115000
4 0.127188 0.524167 0.098125 0.063333
4 0.336875 0.544167 0.137500 0.095000
4 0.234687 0.595417 0.131875 0.090833
4 0.823438 0.386250 0.088125 0.089167
4 0.311563 0.603750 0.071875 0.075833
4 0.854375 0.936667 0.093750 0.085000
4 0.283438 0.343750 0.129375 0.112500
4 0.253437 0.522500 0.074375 0.065000
4 0.851250 0.835000 0.127500 0.120000
4 0.374375 0.968333 0.148750 0.061667
4 0.946875 0.805417 0.105000 0.244167
4 0.185625 0.772500 0.083750 0.056667
4 0.813125 0.637917 0.093750 0.074167
2 0.470625 0.485417 0.217500 0.185833
4 0.562187 0.619167 0.110625 0.073333
4 0.631875 0.658333 0.055000 0.051667
4 0.366875 0.671250 0.073750 0.040833
4 0.113125 0.915417 0.060000 0.047500
4 0.242500 0.209583 0.055000 0.030833
4 0.406250 0.170417 0.035000 0.037500
4 0.429063 0.231667 0.031875 0.050000
4 0.456562 0.327083 0.035625 0.034167
4 0.025937 0.264583 0.051875 0.034167
4 0.016563 0.379583 0.033125 0.032500
4 0.765938 0.346667 0.026875 0.030000
4 0.823438 0.454583 0.026875 0.029167
4 0.875000 0.722083 0.057500 0.035833