11 0.822266 0.338076 0.108594 0.315718
11 0.470703 0.773035 0.122656 0.323848
11 0.562891 0.710705 0.074219 0.337398
11 0.255859 0.189702 0.133594 0.176152
11 0.326172 0.735772 0.144531 0.395664
11 0.519922 0.918699 0.091406 0.149051
11 0.954297 0.897019 0.089844 0.203252
11 0.377734 0.199864 0.108594 0.242547
11 0.104688 0.922087 0.129688 0.150407
11 0.224609 0.861111 0.163281 0.277778
11 0.557031 0.104336 0.106250 0.208672
11 0.876563 0.592818 0.168750 0.163957
11 0.446484 0.540650 0.189844 0.189702
11 0.027734 0.428862 0.055469 0.367209
11 0.914453 0.491870 0.169531 0.219512
11 0.642969 0.507453 0.118750 0.131436
11 0.408203 0.662602 0.061719 0.127371
11 0.732031 0.882791 0.059375 0.090786
11 0.169922 0.602304 0.185156 0.340108
11 0.186328 0.394986 0.135156 0.204607
11 0.256250 0.079268 0.110937 0.158537
11 0.127734 0.315718 0.183594 0.265583
11 0.490625 0.457317 0.176563 0.155827
11 0.672266 0.681572 0.094531 0.086721
11 0.596484 0.561653 0.085156 0.131436
11 0.478516 0.114499 0.153906 0.207317
11 0.945703 0.731030 0.107031 0.180217
11 0.241016 0.320461 0.053906 0.112466
11 0.704688 0.342818 0.162500 0.243902
11 0.788281 0.710705 0.248438 0.340108
11 0.632812 0.287263 0.159375 0.189702
11 0.317969 0.382114 0.143750 0.357724
11 0.447266 0.306911 0.111719 0.256098
11 0.742188 0.511518 0.112500 0.139566