4 0.367188 0.035366 0.152344 0.070732
4 0.234375 0.448780 0.078125 0.043902
4 0.429688 0.730488 0.078125 0.031707
0 0.418945 0.462195 0.498047 0.295122
4 0.636719 0.612195 0.093750 0.043902
4 0.856445 0.023171 0.107422 0.046341
4 0.610352 0.517073 0.076172 0.039024
4 0.564453 0.682927 0.093750 0.034146
1 0.945312 0.856098 0.109375 0.087805
4 0.043945 0.243902 0.087891 0.073171
4 0.211914 0.758537 0.083984 0.063415
4 0.643555 0.236585 0.095703 0.048780
4 0.757812 0.519512 0.082031 0.043902
4 0.584961 0.758537 0.095703 0.053659
4 0.846680 0.628049 0.076172 0.041463
4 0.803711 0.495122 0.091797 0.043902
4 0.098633 0.671951 0.076172 0.056098
4 0.092773 0.276829 0.169922 0.124390
4 0.908203 0.320732 0.085938 0.056098
4 0.117188 0.729268 0.082031 0.034146
4 0.671875 0.292683 0.085938 0.058537
4 0.879883 0.060976 0.083984 0.043902
4 0.391602 0.198780 0.095703 0.060976
4 0.867188 0.746341 0.082031 0.039024
4 0.629883 0.565854 0.068359 0.039024
4 0.097656 0.612195 0.078125 0.048780
4 0.024414 0.518293 0.048828 0.031707
4 0.861328 0.276829 0.074219 0.046341
4 0.977539 0.696341 0.044922 0.031707
4 0.219727 0.969512 0.150391 0.060976
4 0.417969 0.319512 0.074219 0.048780
4 0.217773 0.036585 0.158203 0.073171
4 0.720703 0.696341 0.093750 0.041463
1 0.795898 0.947561 0.068359 0.090244
4 0.439453 0.581707 0.089844 0.036585
4 0.500000 0.639024 0.078125 0.034146
4 0.396484 0.678049 0.085938 0.034146
4 0.165039 0.630488 0.060547 0.041463
4 0.290039 0.706098 0.087891 0.041463
4 0.906250 0.165854 0.097656 0.053659
4 0.192383 0.680488 0.056641 0.043902
4 0.123047 0.508537 0.062500 0.046341
4 0.462891 0.768293 0.082031 0.043902
4 0.921875 0.641463 0.066406 0.034146