4 0.934570 0.270864 0.048828 0.043924
2 0.355957 0.514641 0.620117 0.534407
4 0.770996 0.587116 0.041992 0.043924
4 0.708008 0.410688 0.042969 0.033675
4 0.080566 0.868228 0.159180 0.263543
4 0.886719 0.580527 0.023438 0.024890
4 0.979004 0.554905 0.028320 0.017570
4 0.939453 0.617130 0.015625 0.024890
4 0.843750 0.567350 0.013672 0.024890
4 0.736816 0.540264 0.026367 0.038067
4 0.858887 0.439239 0.022461 0.014641
4 0.768066 0.346266 0.026367 0.019034
4 0.961426 0.428990 0.024414 0.020498
4 0.017090 0.774524 0.024414 0.017570
4 0.621582 0.983895 0.034180 0.023426
9 0.803223 0.958272 0.041992 0.083455
4 0.834961 0.328697 0.009766 0.027818