4 0.522917 0.192593 0.013542 0.022222
4 0.451042 0.271759 0.012500 0.021296
4 0.406250 0.586574 0.051042 0.115741
4 0.512500 0.093056 0.038542 0.095370
4 0.354167 0.368981 0.068750 0.082407
4 0.151823 0.112500 0.148438 0.191667
4 0.784896 0.439352 0.050000 0.145370
4 0.205208 0.660185 0.060417 0.109259
4 0.536198 0.224074 0.014063 0.022222
4 0.484896 0.206481 0.014583 0.022222
4 0.645573 0.377778 0.065104 0.151852
4 0.382031 0.971759 0.067187 0.054630
4 0.826302 0.076389 0.115104 0.147222
4 0.041667 0.186111 0.040625 0.044444
6 0.585417 0.123148 0.066667 0.100000
6 0.604948 0.721296 0.180729 0.144444
4 0.491146 0.843519 0.046875 0.129630
4 0.379688 0.833796 0.068750 0.104630
4 0.452604 0.356019 0.009375 0.019444
4 0.751042 0.682870 0.262500 0.254630
4 0.682031 0.536111 0.132812 0.198148
4 0.048438 0.759722 0.076042 0.075000
4 0.270573 0.645833 0.061979 0.112037