4 0.026042 0.683796 0.050000 0.052778
4 0.171094 0.457407 0.017188 0.033333
4 0.103125 0.312963 0.019792 0.025926
4 0.114844 0.869907 0.023438 0.056481
4 0.054688 0.835648 0.023958 0.032407
4 0.115625 0.482407 0.016667 0.025926
4 0.027344 0.580093 0.018229 0.028704
4 0.611719 0.481019 0.099479 0.189815
4 0.978125 0.256944 0.042708 0.058333
4 0.141927 0.738889 0.026562 0.048148
4 0.101042 0.556019 0.014583 0.028704
4 0.088281 0.426389 0.021354 0.030556
4 0.040104 0.802315 0.019792 0.028704
4 0.046615 0.594444 0.015104 0.027778
4 0.040885 0.533796 0.022396 0.030556
4 0.049479 0.393981 0.022917 0.030556
4 0.466146 0.828704 0.058333 0.101852
4 0.457292 0.256944 0.015625 0.025000
4 0.594271 0.391204 0.083333 0.062037