4 0.405729 0.220370 0.016667 0.016667
4 0.225260 0.234722 0.027604 0.039815
4 0.703646 0.018981 0.012500 0.023148
4 0.509375 0.386574 0.042708 0.078704
4 0.766927 0.254167 0.020313 0.025000
4 0.871354 0.461111 0.015625 0.018519
4 0.253906 0.156019 0.010937 0.023148
4 0.920312 0.460648 0.016667 0.023148
4 0.760938 0.208796 0.016667 0.025000
4 0.043229 0.518519 0.034375 0.024074
4 0.919271 0.379167 0.015625 0.019444
6 0.374740 0.418056 0.215104 0.299074
4 0.777604 0.417130 0.013542 0.017593
4 0.100521 0.879167 0.140625 0.078704
4 0.660156 0.104167 0.014063 0.030556
4 0.604688 0.212500 0.013542 0.025000
4 0.648958 0.533796 0.126042 0.175000
4 0.710677 0.248611 0.011979 0.021296
4 0.641927 0.259722 0.010937 0.025000
4 0.444271 0.205093 0.011458 0.028704
4 0.114062 0.291204 0.028125 0.056481
4 0.469792 0.039815 0.014583 0.024074
4 0.211458 0.933333 0.090625 0.050000
4 0.440365 0.831944 0.068229 0.041667
4 0.402083 0.780093 0.069792 0.049074
4 0.364063 0.851389 0.053125 0.049074
4 0.455208 0.553241 0.052083 0.047222
4 0.368750 0.650926 0.043750 0.022222
4 0.482812 0.621759 0.039583 0.050926