6 0.525000 0.541667 0.079167 0.107407
4 0.297917 0.546759 0.052083 0.119444
6 0.497396 0.419444 0.195833 0.209259
6 0.396615 0.589815 0.105729 0.268519
4 0.941146 0.632407 0.047917 0.050000
4 0.506510 0.102315 0.027604 0.036111
4 0.227865 0.409722 0.024479 0.025000
6 0.276302 0.643056 0.077604 0.128704
4 0.610677 0.720370 0.165104 0.161111
4 0.247656 0.812037 0.157812 0.129630
4 0.070312 0.204167 0.121875 0.100926
4 0.403646 0.105093 0.138542 0.210185
4 0.697917 0.042130 0.090625 0.084259
4 0.703906 0.416204 0.033854 0.067593
4 0.902604 0.460185 0.040625 0.062963