6 0.040625 0.585185 0.079167 0.090741
6 0.613542 0.731944 0.145833 0.223148
5 0.132292 0.491204 0.262500 0.250926
6 0.228125 0.878704 0.119792 0.242593
6 0.781510 0.623148 0.273438 0.400000
4 0.907552 0.932407 0.184896 0.127778
6 0.345573 0.875000 0.148438 0.246296
6 0.460677 0.486111 0.048438 0.066667
6 0.624479 0.612963 0.100000 0.088889
6 0.732031 0.821296 0.124479 0.120370
6 0.894010 0.749537 0.211979 0.228704
6 0.618490 0.532870 0.086979 0.065741
6 0.923698 0.409722 0.147396 0.108333
6 0.735156 0.936111 0.121354 0.127778