6 0.322396 0.333333 0.061458 0.048148
9 0.221875 0.348611 0.194792 0.147222
4 0.544531 0.422685 0.047396 0.052778
6 0.919271 0.798611 0.160417 0.317593
6 0.509896 0.377778 0.063542 0.051852
6 0.949219 0.710185 0.101562 0.250000
6 0.078125 0.217130 0.051042 0.067593
4 0.578125 0.390741 0.044792 0.040741
6 0.255990 0.684259 0.332813 0.359259
6 0.259115 0.544444 0.141146 0.172222
6 0.286458 0.435185 0.203125 0.155556
6 0.716146 0.463889 0.134375 0.127778
6 0.622135 0.669907 0.158854 0.337963
6 0.270833 0.851389 0.125000 0.289815
4 0.576823 0.152778 0.024479 0.031481