4 0.005990 0.232870 0.011979 0.041667
4 0.384635 0.533796 0.041146 0.043519
4 0.252344 0.042593 0.182812 0.083333
6 0.594010 0.305556 0.152604 0.112963
4 0.478125 0.647222 0.068750 0.170370
4 0.036719 0.584259 0.072396 0.101852
6 0.889062 0.307407 0.069792 0.068519
4 0.285938 0.713889 0.182292 0.162963
4 0.959115 0.516204 0.054688 0.049074
6 0.567708 0.548611 0.260417 0.349074
4 0.545312 0.786111 0.065625 0.133333
6 0.026042 0.097222 0.051042 0.107407
4 0.594531 0.304630 0.152604 0.111111
6 0.363281 0.606019 0.179688 0.208333
4 0.744271 0.174537 0.019792 0.025000