4 0.041927 0.732407 0.053646 0.064815
4 0.330208 0.643981 0.063542 0.050926
4 0.878906 0.443056 0.017188 0.023148
4 0.894010 0.834259 0.074479 0.133333
4 0.416406 0.616204 0.079687 0.075000
4 0.110677 0.743981 0.136979 0.097222
4 0.079427 0.901389 0.154688 0.143519
4 0.883594 0.537037 0.022396 0.025926
6 0.659115 0.735185 0.168229 0.127778
4 0.853646 0.449537 0.013542 0.019444
4 0.973958 0.658796 0.051042 0.067593
4 0.900260 0.594444 0.110937 0.120370
4 0.708333 0.585648 0.052083 0.069444
4 0.499219 0.867593 0.091146 0.074074
4 0.989583 0.412963 0.019792 0.025926
4 0.434896 0.801852 0.034375 0.055556
4 0.955208 0.425000 0.010417 0.022222
4 0.031250 0.637037 0.051042 0.068519
4 0.080990 0.853241 0.161979 0.189815
4 0.964583 0.526852 0.022917 0.029630
4 0.888802 0.348148 0.025521 0.031481
4 0.647656 0.512963 0.074479 0.103704
4 0.959375 0.886574 0.075000 0.078704
6 0.362240 0.909259 0.270313 0.174074
4 0.895573 0.445370 0.010937 0.020370
4 0.689844 0.418056 0.030729 0.030556
4 0.924219 0.373148 0.039062 0.033333
4 0.260937 0.818056 0.062500 0.073148
4 0.029427 0.520370 0.057813 0.114815
4 0.527083 0.710185 0.018750 0.031481
4 0.564063 0.466204 0.117708 0.112037
4 0.079167 0.665278 0.126042 0.069444
4 0.580729 0.861111 0.087500 0.066667
4 0.976302 0.559722 0.018229 0.028704
4 0.745833 0.650463 0.041667 0.047222
4 0.548698 0.650463 0.022396 0.026852
6 0.161458 0.534722 0.103125 0.152778
4 0.161198 0.534722 0.104688 0.154630
6 0.791406 0.568519 0.163021 0.151852
4 0.895312 0.640741 0.028125 0.029630
4 0.837760 0.659722 0.023438 0.025000
4 0.853646 0.362037 0.028125 0.042593
4 0.062500 0.254630 0.125000 0.164815
4 0.364323 0.822685 0.031771 0.036111
4 0.990885 0.481481 0.017188 0.024074