4 0.280469 0.534722 0.217188 0.347222
4 0.047656 0.551389 0.055729 0.123148
4 0.195312 0.299537 0.136458 0.147222
4 0.039062 0.706944 0.077083 0.128704
4 0.155729 0.635185 0.183333 0.127778
4 0.697396 0.298611 0.136458 0.075000
4 0.386719 0.343056 0.041146 0.071296
4 0.251563 0.254167 0.101042 0.184259
6 0.375521 0.498611 0.213542 0.245370
6 0.696615 0.556019 0.605729 0.636111
4 0.445833 0.357870 0.109375 0.199074
4 0.334896 0.763426 0.175000 0.275000
4 0.509896 0.224537 0.157292 0.200926
4 0.250260 0.252315 0.101562 0.186111
4 0.930729 0.819444 0.137500 0.262963