4 0.879948 0.225463 0.038021 0.078704
4 0.968490 0.177315 0.061979 0.086111
4 0.837240 0.586574 0.103646 0.095370
1 0.300260 0.239815 0.032813 0.203704
4 0.417708 0.558333 0.080208 0.116667
4 0.884896 0.498611 0.059375 0.054630
4 0.786458 0.652778 0.035417 0.185185
4 0.816927 0.441667 0.091146 0.081481
4 0.984115 0.773148 0.031771 0.101852
4 0.938802 0.680093 0.122396 0.195370
6 0.971354 0.560648 0.056250 0.104630
6 0.761198 0.375463 0.113021 0.095370
4 0.917448 0.195370 0.027604 0.074074
4 0.433594 0.382407 0.040104 0.092593
4 0.309375 0.545370 0.050000 0.101852
6 0.604688 0.535648 0.215625 0.445370
4 0.627865 0.672685 0.084896 0.187963
1 0.674219 0.525463 0.076563 0.100926