4 0.366667 0.268519 0.010417 0.016667
4 0.458854 0.375926 0.045833 0.035185
4 0.886719 0.104167 0.013021 0.032407
4 0.311458 0.017593 0.021875 0.033333
4 0.294531 0.316204 0.015104 0.021296
4 0.158333 0.139815 0.008333 0.020370
4 0.715365 0.531019 0.099479 0.087963
6 0.767708 0.664815 0.357292 0.361111
4 0.202604 0.026852 0.018750 0.027778
4 0.363021 0.038889 0.020833 0.020370
4 0.302865 0.217593 0.014063 0.020370
4 0.631510 0.125000 0.009896 0.025926
4 0.404948 0.400463 0.027604 0.043519
4 0.843229 0.085648 0.010417 0.019444
4 0.938021 0.173148 0.018750 0.020370
4 0.292708 0.408796 0.081250 0.049074
4 0.049479 0.246759 0.015625 0.015741
6 0.472656 0.445370 0.109896 0.077778