4 0.263281 0.532407 0.059896 0.087037
6 0.452604 0.708333 0.120833 0.162963
4 0.502344 0.429167 0.010937 0.017593
6 0.055990 0.354167 0.111979 0.130556
6 0.130729 0.456019 0.260417 0.212037
4 0.730208 0.367593 0.052083 0.044444
6 0.322135 0.509259 0.195312 0.437037
6 0.641927 0.656944 0.077604 0.173148
4 0.563021 0.436574 0.025000 0.023148
4 0.911198 0.345370 0.013021 0.020370
4 0.483073 0.405093 0.011979 0.017593
4 0.062500 0.700926 0.125000 0.225926
6 0.746615 0.520833 0.290104 0.234259
4 0.128125 0.637037 0.087500 0.070370
6 0.354167 0.430556 0.245833 0.227778
4 0.404427 0.337500 0.010937 0.017593