4 0.220052 0.718056 0.068229 0.076852
4 0.173177 0.773148 0.066146 0.081481
4 0.058854 0.861574 0.075000 0.076852
4 0.632552 0.033333 0.115104 0.064815
4 0.971094 0.434722 0.057813 0.143519
4 0.121354 0.452315 0.175000 0.113889
4 0.307552 0.631481 0.034896 0.051852
6 0.430729 0.317130 0.133333 0.173148
6 0.589323 0.462963 0.227604 0.237037
4 0.966406 0.179630 0.025521 0.031481
4 0.347135 0.486574 0.075521 0.062037
4 0.051302 0.123611 0.102604 0.108333
4 0.230469 0.334259 0.124479 0.083333
6 0.694010 0.855556 0.229687 0.287037
6 0.490885 0.464815 0.057813 0.081481
4 0.490104 0.465278 0.058333 0.082407
4 0.251042 0.569907 0.087500 0.065741
4 0.092188 0.774537 0.110417 0.084259
4 0.158594 0.850926 0.043229 0.046296
6 0.314063 0.736111 0.164583 0.142593
4 0.200000 0.680556 0.106250 0.075926
4 0.074740 0.256481 0.149479 0.122222
4 0.047396 0.566667 0.093750 0.114815
4 0.951302 0.095833 0.015104 0.030556
4 0.961198 0.066204 0.019271 0.021296
4 0.422656 0.585185 0.015104 0.040741
6 0.841667 0.261574 0.132292 0.137963
4 0.407813 0.392130 0.092708 0.076852
4 0.142969 0.200463 0.154688 0.097222