4 0.752344 0.022685 0.103646 0.045370
4 0.865104 0.033796 0.111458 0.065741
4 0.967708 0.060648 0.064583 0.071296
6 0.381250 0.193981 0.307292 0.326852
4 0.055469 0.148611 0.108854 0.097222
4 0.810156 0.094907 0.114062 0.084259
4 0.046615 0.025463 0.090104 0.047222
4 0.499740 0.072685 0.136979 0.095370
4 0.192708 0.093519 0.119792 0.098148
4 0.555469 0.016667 0.064062 0.029630
4 0.834115 0.162037 0.101562 0.068519
4 0.986198 0.197685 0.026562 0.054630
6 0.570573 0.531481 0.108854 0.340741
6 0.777083 0.388889 0.210417 0.296296
4 0.721615 0.141667 0.098437 0.074074
6 0.516667 0.369444 0.185417 0.542593
4 0.940885 0.120370 0.117188 0.081481
4 0.786979 0.304167 0.237500 0.202778