4 0.353646 0.713889 0.046875 0.081481
6 0.398698 0.925000 0.100521 0.150000
6 0.876042 0.413889 0.158333 0.153704
4 0.655990 0.353241 0.077604 0.080556
4 0.439323 0.289815 0.018229 0.020370
4 0.812240 0.303241 0.054688 0.056481
4 0.177604 0.335185 0.017708 0.024074
4 0.352344 0.372222 0.019271 0.022222
6 0.580729 0.667593 0.086458 0.120370
4 0.382292 0.821759 0.052083 0.099074
4 0.026042 0.679167 0.048958 0.043519
6 0.564583 0.305556 0.040625 0.092593
6 0.382292 0.821296 0.052083 0.100000
4 0.770312 0.212037 0.026042 0.040741
4 0.754687 0.314352 0.072917 0.082407
4 0.957031 0.123148 0.084896 0.150000
4 0.432031 0.248148 0.019271 0.024074
4 0.472135 0.678704 0.048438 0.092593
4 0.459375 0.302778 0.014583 0.020370
6 0.222135 0.806481 0.041146 0.077778