4 0.232031 0.574537 0.045312 0.125000
4 0.639583 0.631481 0.123958 0.118519
4 0.047135 0.590741 0.092188 0.092593
4 0.777344 0.392593 0.178646 0.181481
4 0.168490 0.489815 0.058854 0.074074
4 0.459896 0.356019 0.113542 0.080556
4 0.918490 0.489815 0.163021 0.140741
4 0.422917 0.615278 0.110417 0.176852
4 0.532813 0.561111 0.142708 0.090741
4 0.749479 0.627315 0.098958 0.123148
4 0.349219 0.581481 0.057813 0.081481
4 0.387760 0.253704 0.048438 0.038889
4 0.173698 0.586574 0.102604 0.082407
4 0.318750 0.767593 0.339583 0.268519
4 0.077865 0.553241 0.082812 0.080556
4 0.153906 0.728241 0.296354 0.197222