4 0.732552 0.091667 0.096354 0.079630
6 0.224479 0.475000 0.100000 0.068519
4 0.892708 0.236574 0.157292 0.169444
4 0.942448 0.293981 0.071354 0.050926
6 0.407292 0.779630 0.135417 0.100000
6 0.113281 0.707870 0.033854 0.121296
6 0.028125 0.544444 0.055208 0.105556
6 0.064323 0.487037 0.079687 0.066667
6 0.075781 0.594907 0.104688 0.082407
4 0.981771 0.638426 0.035417 0.080556
6 0.389323 0.559259 0.130729 0.096296
6 0.373958 0.673611 0.123958 0.086111
4 0.223698 0.469444 0.100521 0.070370
6 0.400000 0.354167 0.252083 0.206481