4 0.131771 0.592593 0.021875 0.029630
4 0.076823 0.491204 0.011979 0.026852
6 0.341927 0.571759 0.299479 0.173148
4 0.025000 0.434722 0.026042 0.023148
6 0.712500 0.516667 0.090625 0.107407
4 0.067448 0.401389 0.026562 0.025000
4 0.173698 0.549074 0.025521 0.022222
6 0.854688 0.096296 0.290625 0.192593
4 0.095573 0.530556 0.018229 0.029630
6 0.930729 0.781481 0.137500 0.109259
4 0.194531 0.552778 0.020313 0.022222
4 0.174219 0.604167 0.028646 0.032407
4 0.138542 0.493981 0.029167 0.023148
6 0.920833 0.715278 0.144792 0.086111
4 0.181771 0.506944 0.025000 0.023148
6 0.663281 0.665278 0.166146 0.143519
6 0.511198 0.632870 0.147396 0.134259
4 0.028125 0.586574 0.056250 0.160185