4 0.401042 0.248611 0.107292 0.067593
4 0.473698 0.385185 0.056771 0.057407
6 0.371094 0.575000 0.073438 0.137037
6 0.686458 0.611111 0.096875 0.162963
4 0.436458 0.096296 0.143750 0.101852
4 0.946094 0.101852 0.107813 0.103704
4 0.013021 0.224537 0.026042 0.054630
4 0.061458 0.328704 0.093750 0.088889
6 0.099479 0.659259 0.107292 0.148148
6 0.140104 0.506481 0.093750 0.094444
4 0.015885 0.280556 0.031771 0.070370
4 0.291146 0.286574 0.181250 0.154630
4 0.978125 0.026389 0.042708 0.052778
4 0.272917 0.213889 0.137500 0.090741
6 0.029167 0.083796 0.057292 0.167593
6 0.139323 0.608333 0.076563 0.092593
4 0.121354 0.225463 0.072917 0.075000
6 0.189062 0.620833 0.060417 0.110185
6 0.442188 0.687500 0.205208 0.193519
4 0.374479 0.225000 0.066667 0.048148
4 0.184635 0.293519 0.086979 0.096296
4 0.839583 0.045833 0.159375 0.091667
4 0.081510 0.334722 0.132812 0.095370
4 0.036198 0.691204 0.072396 0.243519
4 0.104167 0.412500 0.056250 0.067593