6 0.385417 0.638426 0.112500 0.099074
4 0.700000 0.257407 0.031250 0.044444
6 0.188542 0.285648 0.103125 0.102778
4 0.452344 0.267593 0.029687 0.037037
4 0.119010 0.325000 0.046354 0.051852
4 0.460938 0.419907 0.016667 0.023148
6 0.610417 0.730556 0.092708 0.257407
4 0.556250 0.304630 0.027083 0.037037
4 0.165625 0.135648 0.331250 0.271296
4 0.325260 0.090278 0.118229 0.112037
4 0.612500 0.278241 0.014583 0.049074
4 0.677083 0.555556 0.077083 0.066667
4 0.555208 0.484259 0.179167 0.146296
4 0.464062 0.577778 0.073958 0.072222