4 0.989323 0.412963 0.021354 0.092593
4 0.561719 0.322222 0.136979 0.350000
4 0.390885 0.484722 0.127604 0.108333
4 0.151562 0.198148 0.016667 0.024074
6 0.319271 0.340278 0.120833 0.263889
4 0.257552 0.760185 0.057813 0.161111
4 0.128385 0.449537 0.255729 0.182407
4 0.184115 0.151852 0.015104 0.018519
4 0.677865 0.231944 0.047396 0.139815
4 0.075781 0.137963 0.014063 0.016667
6 0.676042 0.512963 0.116667 0.198148
4 0.900781 0.102315 0.128646 0.197222
4 0.945052 0.968519 0.033854 0.046296
4 0.898958 0.962500 0.028125 0.036111
4 0.927083 0.906019 0.025000 0.054630