4 0.094531 0.259722 0.073438 0.062037
6 0.339583 0.560185 0.093750 0.183333
4 0.605208 0.481944 0.037500 0.039815
4 0.439583 0.626389 0.032292 0.030556
4 0.383854 0.482407 0.032292 0.029630
4 0.199219 0.307870 0.049479 0.050926
4 0.258594 0.286574 0.042188 0.052778
4 0.331771 0.274074 0.028125 0.088889
4 0.243750 0.249537 0.051042 0.036111
4 0.033333 0.699537 0.032292 0.039815
4 0.966927 0.689815 0.065104 0.098148
4 0.518490 0.405093 0.053646 0.039815
4 0.864583 0.087037 0.141667 0.172222
4 0.605990 0.312500 0.018229 0.045370
4 0.656771 0.310185 0.015625 0.055556
4 0.717187 0.241667 0.038542 0.061111
4 0.041406 0.205556 0.081771 0.116667
4 0.628906 0.460648 0.050521 0.052778
4 0.187240 0.549537 0.032813 0.037963
6 0.745052 0.563889 0.133854 0.200000
4 0.085938 0.142130 0.073958 0.113889
4 0.560156 0.484722 0.043229 0.041667
4 0.889323 0.602778 0.047396 0.038889
4 0.597396 0.408796 0.063542 0.045370
4 0.159375 0.626389 0.047917 0.037963
4 0.212240 0.339352 0.024479 0.049074
4 0.473958 0.164815 0.077083 0.061111
4 0.835677 0.497222 0.056771 0.068519
4 0.220052 0.490278 0.046354 0.034259
4 0.455729 0.368981 0.061458 0.037963
4 0.659635 0.616667 0.044271 0.033333
6 0.458594 0.461574 0.054688 0.067593
6 0.134115 0.401389 0.138021 0.104630
6 0.592708 0.560185 0.085417 0.131481
6 0.069792 0.501852 0.094792 0.116667
4 0.443750 0.330093 0.050000 0.050926
4 0.698177 0.393981 0.058854 0.056481
6 0.122917 0.463426 0.121875 0.110185
4 0.370833 0.343981 0.035417 0.049074
4 0.391146 0.202315 0.046875 0.080556
4 0.439063 0.090741 0.068750 0.070370
4 0.651563 0.044907 0.048958 0.084259
4 0.547656 0.050463 0.103646 0.069444
4 0.425521 0.279630 0.075000 0.050000
4 0.250521 0.543981 0.061458 0.054630
4 0.429948 0.558796 0.027604 0.026852
6 0.365365 0.469444 0.060937 0.188889
4 0.812760 0.530556 0.033854 0.029630
4 0.952083 0.501852 0.028125 0.038889
4 0.339844 0.563889 0.093229 0.181481
4 0.716667 0.050000 0.095833 0.072222
4 0.160677 0.232870 0.058854 0.076852
4 0.498698 0.545833 0.091146 0.093519
4 0.127604 0.541667 0.068750 0.053704
4 0.282813 0.568981 0.034375 0.032407
4 0.282031 0.617130 0.028646 0.025000
4 0.241667 0.583333 0.050000 0.094444