6 0.389323 0.646296 0.077604 0.083333
4 0.768750 0.416204 0.079167 0.052778
6 0.854167 0.435185 0.203125 0.318519
6 0.553906 0.758796 0.073438 0.065741
4 0.462240 0.662037 0.031771 0.035185
6 0.802865 0.532407 0.136979 0.122222
6 0.477865 0.862963 0.238021 0.259259
4 0.596094 0.909722 0.068229 0.097222
4 0.986198 0.429630 0.026562 0.051852
4 0.974219 0.581944 0.038021 0.036111
4 0.066406 0.476852 0.094271 0.055556
4 0.957292 0.347685 0.076042 0.071296
4 0.769792 0.084259 0.040625 0.062963
6 0.042969 0.860648 0.046354 0.121296
4 0.971094 0.703704 0.031771 0.029630
6 0.519792 0.102315 0.081250 0.154630
4 0.937500 0.277778 0.042708 0.044444
4 0.422135 0.476852 0.022396 0.033333
4 0.613542 0.675463 0.045833 0.050926
6 0.471354 0.623611 0.117708 0.104630
4 0.955208 0.065278 0.054167 0.062037
6 0.042969 0.860648 0.046354 0.119444
4 0.829948 0.645370 0.021354 0.025926
6 0.037500 0.540278 0.070833 0.134259
4 0.540885 0.348611 0.070312 0.137963
4 0.612500 0.733796 0.042708 0.037963
6 0.180990 0.563889 0.055729 0.112963
4 0.028385 0.368981 0.055729 0.217593
4 0.651042 0.643981 0.035417 0.036111
4 0.612760 0.611111 0.036979 0.035185
4 0.704688 0.631944 0.015625 0.026852
6 0.831510 0.810648 0.170313 0.160185
4 0.671615 0.923611 0.076563 0.104630
4 0.645052 0.723148 0.039062 0.059259
4 0.764323 0.649074 0.029687 0.027778
4 0.676302 0.573148 0.031771 0.042593
6 0.250521 0.727778 0.157292 0.159259
4 0.921615 0.847685 0.035937 0.058333
4 0.595573 0.641667 0.043229 0.033333
4 0.806771 0.197222 0.066667 0.053704
6 0.693490 0.880556 0.106771 0.096296
4 0.478385 0.766204 0.024479 0.037963
4 0.518490 0.782407 0.031771 0.035185
4 0.559375 0.790278 0.039583 0.028704
4 0.745833 0.969907 0.058333 0.060185
6 0.558073 0.765278 0.079687 0.076852
4 0.760938 0.339815 0.035417 0.040741
4 0.824219 0.428704 0.019271 0.037037
6 0.916927 0.831944 0.166146 0.202778