4 0.051562 0.200463 0.020833 0.032407
4 0.356510 0.191204 0.048438 0.091667
4 0.675000 0.272685 0.037500 0.037963
4 0.084375 0.281019 0.168750 0.139815
4 0.451302 0.171296 0.027604 0.040741
4 0.602083 0.172222 0.029167 0.053704
4 0.709635 0.426852 0.017188 0.037037
4 0.745313 0.580093 0.089583 0.062037
4 0.241927 0.325463 0.025521 0.036111
4 0.269010 0.403241 0.017188 0.021296
4 0.705469 0.140278 0.031771 0.026852
6 0.349219 0.581019 0.102604 0.113889
6 0.516146 0.641204 0.113542 0.097222
4 0.439583 0.337500 0.037500 0.047222
4 0.505729 0.512500 0.015625 0.026852
4 0.488281 0.142130 0.055729 0.047222
4 0.511198 0.279630 0.015104 0.051852
4 0.127344 0.140741 0.029687 0.038889
4 0.787240 0.385648 0.017188 0.039815
4 0.470833 0.509259 0.015625 0.025926
4 0.432552 0.218519 0.074479 0.081481
4 0.531771 0.425000 0.062500 0.048148
4 0.020052 0.048611 0.036979 0.050926
4 0.817969 0.304630 0.026562 0.038889
4 0.308854 0.078704 0.014583 0.037037
4 0.262240 0.021759 0.040104 0.032407
4 0.830469 0.239352 0.032813 0.036111
4 0.989062 0.253704 0.020833 0.035185
4 0.329688 0.463426 0.019792 0.065741
4 0.285677 0.418981 0.018229 0.021296
4 0.885677 0.326389 0.028646 0.032407
4 0.346354 0.359722 0.019792 0.025000
4 0.476562 0.350463 0.038542 0.080556
4 0.520312 0.332870 0.029167 0.039815
4 0.378646 0.474074 0.039583 0.050000
4 0.168229 0.256481 0.052083 0.055556
4 0.709635 0.268981 0.024479 0.032407
4 0.645312 0.577778 0.071875 0.053704
4 0.175260 0.214815 0.022396 0.035185