13 0.360959 0.474348 0.136530 0.181665
13 0.468493 0.405803 0.094977 0.152229
13 0.362329 0.288898 0.118265 0.133726
13 0.412329 0.227082 0.069406 0.082422
13 0.316667 0.221615 0.121918 0.089992
13 0.260731 0.128259 0.084018 0.086627
13 0.306393 0.066442 0.065753 0.072330
13 0.247717 0.049622 0.057991 0.058873
13 0.115525 0.195122 0.097717 0.077376
13 0.152968 0.258200 0.075799 0.058873
13 0.224658 0.365854 0.102283 0.134567
13 0.115297 0.356182 0.136530 0.147183
13 0.023516 0.297309 0.047032 0.110177
13 0.032192 0.417998 0.064384 0.119428
13 0.129909 0.524811 0.259817 0.220353
13 0.120776 0.738015 0.241553 0.300252
13 0.886530 0.891505 0.224201 0.216989
13 0.738584 0.801514 0.149315 0.215307
13 0.702055 0.680824 0.088128 0.120269
13 0.626027 0.645500 0.089498 0.152229
13 0.549315 0.597561 0.082192 0.160639
13 0.468265 0.603448 0.082648 0.143818
13 0.936758 0.567283 0.126484 0.243061
13 0.948174 0.458789 0.103653 0.095038
13 0.971461 0.365854 0.057078 0.082422
13 0.948174 0.290580 0.103653 0.108495
13 0.890411 0.410429 0.099543 0.129521
13 0.738813 0.438183 0.081279 0.126156
13 0.819178 0.415055 0.096804 0.137090
13 0.775114 0.322540 0.110959 0.084945
13 0.959361 0.134567 0.081279 0.105971
13 0.849087 0.135828 0.057991 0.096720
13 0.800913 0.150967 0.068493 0.086627
13 0.767580 0.171573 0.075799 0.094197
13 0.699315 0.157696 0.075342 0.076535
13 0.644749 0.191337 0.094977 0.100084
13 0.621461 0.130782 0.065753 0.049622
13 0.685160 0.080740 0.064384 0.075694
13 0.594521 0.340202 0.091324 0.108495
13 0.537443 0.299832 0.084932 0.095038
13 0.444064 0.304878 0.047945 0.054668
13 0.493836 0.235913 0.093607 0.115223
13 0.554338 0.085786 0.042922 0.087468
13 0.503881 0.088310 0.059817 0.074012
13 0.507078 0.019765 0.069863 0.039529
13 0.365068 0.022708 0.049772 0.045416
13 0.445434 0.861228 0.224201 0.277544