13 0.547656 0.743750 0.118750 0.204167
13 0.480078 0.717361 0.077344 0.145833
13 0.480469 0.558333 0.087500 0.150000
13 0.399219 0.788889 0.110937 0.119444
13 0.401953 0.663889 0.152344 0.250000
13 0.329297 0.547222 0.110156 0.216667
13 0.383203 0.465278 0.108594 0.169444
13 0.291797 0.375694 0.117969 0.162500
13 0.324609 0.264583 0.096094 0.140278
13 0.398828 0.379861 0.096094 0.112500
13 0.399609 0.245139 0.105469 0.179167
13 0.475000 0.418056 0.082812 0.138889
13 0.497656 0.297222 0.121875 0.175000
13 0.557422 0.468056 0.096094 0.163889
13 0.492188 0.824306 0.067187 0.048611