13 0.566250 0.482659 0.165000 0.267823
13 0.310625 0.763969 0.251250 0.348748
13 0.143750 0.343931 0.202500 0.252408
13 0.537500 0.856455 0.207500 0.283237
13 0.312500 0.148362 0.187500 0.262042
13 0.472500 0.229287 0.187500 0.238921
13 0.196250 0.188825 0.167500 0.181118
13 0.314375 0.338150 0.126250 0.159923
13 0.425000 0.414258 0.105000 0.150289
13 0.446875 0.570328 0.146250 0.188825
13 0.422500 0.829480 0.107500 0.229287
13 0.305625 0.927746 0.173750 0.144509
13 0.294375 0.469171 0.181250 0.213873
13 0.205625 0.582852 0.156250 0.260116