4 0.431497 0.026721 0.018207 0.025911
13 0.366636 0.476113 0.236231 0.194332
4 0.722576 0.246964 0.012289 0.024291
13 0.562358 0.462348 0.170687 0.204049
4 0.827037 0.158300 0.022758 0.034818
13 0.470869 0.323482 0.093309 0.070445
13 0.500910 0.690688 0.269003 0.440486
4 0.877105 0.471660 0.016386 0.020243
4 0.696632 0.160324 0.015020 0.024291
4 0.568503 0.160324 0.018207 0.037247
4 0.273327 0.017004 0.029586 0.034008
4 0.638143 0.397976 0.022758 0.036437
4 0.572827 0.367611 0.012289 0.014575
4 0.497724 0.120648 0.013200 0.012955
4 0.253300 0.281377 0.005917 0.023482
13 0.365726 0.327126 0.191625 0.139271
4 0.109240 0.178947 0.021848 0.038866
4 0.405325 0.148583 0.020482 0.026721