4 0.816000 0.450667 0.176000 0.122667
4 0.821000 0.558667 0.226000 0.098667
4 0.886000 0.677333 0.196000 0.133333
4 0.853000 0.770667 0.226000 0.138667
4 0.939000 0.566667 0.118000 0.109333
4 0.932000 0.438667 0.116000 0.205333
4 0.555000 0.145333 0.214000 0.221333
7 0.217000 0.356000 0.422000 0.253333
7 0.450000 0.398667 0.180000 0.237333
4 0.849000 0.510667 0.170000 0.114667
4 0.765000 0.430667 0.062000 0.056000
4 0.643000 0.448000 0.122000 0.117333
4 0.694000 0.566667 0.132000 0.162667
4 0.698000 0.685333 0.124000 0.218667