4 0.346484 0.231250 0.055469 0.062500
4 0.086719 0.454861 0.039062 0.031944
0 0.582812 0.353472 0.273438 0.337500
4 0.187500 0.359028 0.048438 0.059722
1 0.430859 0.512500 0.035156 0.050000
4 0.333984 0.156944 0.032031 0.022222
4 0.362891 0.159722 0.013281 0.041667
4 0.388281 0.272222 0.021875 0.036111
4 0.373828 0.365972 0.047656 0.040278
4 0.248438 0.350000 0.034375 0.030556
1 0.441797 0.550694 0.027344 0.045833
4 0.452734 0.447222 0.008594 0.036111
4 0.542969 0.471528 0.023438 0.031944
4 0.826953 0.778472 0.052344 0.087500