1 0.590000 0.463183 0.060000 0.109264
1 0.037187 0.644893 0.073125 0.277910
1 0.342500 0.815321 0.165000 0.157957
1 0.058750 0.095012 0.115000 0.187648
1 0.801875 0.342043 0.075000 0.187648
1 0.389375 0.124109 0.072500 0.184086
1 0.904062 0.423397 0.066875 0.110451
1 0.484375 0.160333 0.095000 0.242280
1 0.895625 0.175178 0.143750 0.155582
1 0.797813 0.565321 0.093125 0.166271
1 0.845625 0.738717 0.046250 0.076010
1 0.250937 0.374703 0.046875 0.112827
1 0.964375 0.448931 0.068750 0.187648
1 0.769062 0.747031 0.044375 0.087886
1 0.931250 0.814727 0.083750 0.156770
1 0.553125 0.700713 0.250000 0.346793
1 0.202187 0.308195 0.081875 0.160333
1 0.714688 0.305226 0.066875 0.125891
1 0.899687 0.547506 0.070625 0.163895
1 0.402813 0.277316 0.083125 0.141330
1 0.106875 0.336105 0.205000 0.275534
1 0.907188 0.298100 0.034375 0.097387
1 0.318437 0.084323 0.086875 0.140143
1 0.522813 0.400831 0.045625 0.093824
1 0.704063 0.697150 0.039375 0.095012
4 0.365938 0.570071 0.150625 0.118765
1 0.280313 0.312352 0.040625 0.201900
1 0.557500 0.501781 0.042500 0.091449
1 0.802500 0.790380 0.058750 0.207838
1 0.598125 0.321259 0.042500 0.117577
1 0.710000 0.107482 0.198750 0.198337
1 0.664062 0.344418 0.086875 0.263658
1 0.493125 0.329572 0.035000 0.103325
1 0.699063 0.513658 0.051875 0.143705
1 0.212812 0.075416 0.105625 0.150831
1 0.401562 0.475653 0.073125 0.210214
1 0.203125 0.603919 0.062500 0.155582
1 0.728750 0.741093 0.031250 0.123515
1 0.731250 0.622922 0.013750 0.077197
1 0.725000 0.393112 0.017500 0.097387
1 0.768750 0.421615 0.038750 0.142518
1 0.944063 0.073040 0.071875 0.146081
1 0.982812 0.105107 0.034375 0.160333
1 0.993125 0.334323 0.013750 0.091449
1 0.471250 0.469121 0.030000 0.118765
1 0.484687 0.449525 0.021875 0.079572
1 0.459375 0.537411 0.031250 0.112827
1 0.076250 0.726841 0.133750 0.313539
1 0.145625 0.466152 0.107500 0.141330