1 0.267778 0.669748 0.106667 0.102521
1 0.582222 0.729412 0.102222 0.121008
1 0.296111 0.808403 0.185556 0.211765
4 0.472778 0.596639 0.045556 0.067227
1 0.455000 0.684034 0.081111 0.097479
1 0.452222 0.855462 0.148889 0.121008
1 0.637778 0.865546 0.088889 0.107563
1 0.463333 0.954622 0.055556 0.090756
1 0.521667 0.705042 0.054444 0.072269
1 0.611111 0.826050 0.051111 0.075630
1 0.511111 0.659664 0.055556 0.099160
1 0.398333 0.656303 0.070000 0.136134
1 0.453333 0.752941 0.046667 0.057143
1 0.236111 0.729412 0.041111 0.063866