1 0.471250 0.395854 0.061250 0.065723
1 0.712500 0.408999 0.135000 0.124368
1 0.502500 0.457533 0.043750 0.069767
4 0.136250 0.163802 0.076250 0.072801
1 0.259375 0.206269 0.097500 0.192113
4 0.701875 0.255308 0.073750 0.059656
4 0.579375 0.229525 0.048750 0.050556
1 0.508125 0.682508 0.040000 0.123357
1 0.355312 0.455511 0.073125 0.102123
1 0.409062 0.601112 0.069375 0.071790
1 0.339687 0.565217 0.055625 0.141557
1 0.810937 0.267947 0.118125 0.121335
1 0.330625 0.244692 0.077500 0.109201
1 0.229063 0.418099 0.089375 0.118301
4 0.575000 0.403943 0.072500 0.065723
4 0.572187 0.302326 0.045625 0.048534
4 0.496250 0.315470 0.033750 0.030334
1 0.235625 0.629929 0.061250 0.095046
1 0.185000 0.519717 0.077500 0.099090
1 0.372812 0.351365 0.094375 0.102123
1 0.944063 0.124874 0.044375 0.116279
1 0.375937 0.184024 0.084375 0.117290
1 0.344062 0.739636 0.096875 0.134479
1 0.471562 0.526289 0.065625 0.077856
1 0.319688 0.486350 0.044375 0.101112
1 0.292500 0.574317 0.038750 0.103134
1 0.274375 0.502528 0.022500 0.139535
1 0.242500 0.561678 0.031250 0.118301
1 0.426250 0.723458 0.082500 0.160768
1 0.423438 0.226997 0.058125 0.092012
1 0.385000 0.527806 0.066250 0.107179
1 0.405625 0.472194 0.053750 0.099090
4 0.309375 0.106168 0.043750 0.074823
4 0.316563 0.175430 0.024375 0.035389
4 0.665625 0.325076 0.040000 0.065723