1 0.163760 0.771689 0.052326 0.198630
1 0.272868 0.735160 0.158915 0.285388
1 0.567248 0.677511 0.023643 0.106164
1 0.652132 0.703196 0.070155 0.143836
1 0.786822 0.882420 0.083721 0.235160
1 0.017248 0.732877 0.034496 0.257991
1 0.214535 0.533105 0.071705 0.228311
1 0.303488 0.490868 0.041860 0.178082
1 0.425194 0.723174 0.043411 0.245434
1 0.469574 0.669521 0.074031 0.311644
4 0.379070 0.449772 0.017054 0.075342
1 0.359109 0.828767 0.052326 0.166667
1 0.840891 0.543950 0.103488 0.220320
1 0.902907 0.820205 0.143798 0.359589
1 0.077519 0.747717 0.100775 0.294521
1 0.468992 0.407534 0.058915 0.139269
1 0.653295 0.515411 0.141473 0.334475
1 0.541473 0.454338 0.080620 0.226027
1 0.756008 0.447489 0.036822 0.084475
1 0.802326 0.656963 0.113178 0.279680
1 0.391473 0.585616 0.020930 0.084475
1 0.974806 0.581050 0.048837 0.082192
1 0.976938 0.700342 0.046124 0.229452
1 0.960853 0.900685 0.075969 0.196347
1 0.925775 0.636416 0.025969 0.044521
1 0.893605 0.554224 0.020543 0.053653
1 0.831202 0.816210 0.016667 0.054795
1 0.783140 0.484018 0.023643 0.059361
1 0.733915 0.671233 0.044574 0.130137
1 0.748062 0.575342 0.028682 0.063927
1 0.711434 0.473174 0.033721 0.099315
1 0.723062 0.454909 0.038372 0.069635
1 0.723450 0.851598 0.036822 0.285388
1 0.672481 0.843037 0.061240 0.311644
1 0.646899 0.823059 0.058140 0.111872
1 0.590116 0.881279 0.091085 0.237443
1 0.542248 0.853311 0.049612 0.236301
1 0.520349 0.780822 0.043798 0.378995
1 0.493605 0.622146 0.048450 0.216895
1 0.372093 0.915525 0.027907 0.152968
1 0.338566 0.535388 0.026744 0.052511
4 0.346899 0.457763 0.023256 0.054795
4 0.424031 0.524543 0.022481 0.055936
4 0.398062 0.753425 0.038760 0.100457
1 0.434884 0.414954 0.028682 0.113014
1 0.146124 0.506849 0.027907 0.045662
1 0.100775 0.584475 0.026357 0.045662
1 0.139147 0.661530 0.029457 0.065068
1 0.183915 0.493721 0.018992 0.042237
1 0.254070 0.603881 0.027519 0.063927
1 0.166667 0.498288 0.012403 0.046804
4 0.127907 0.506279 0.019380 0.055936
1 0.198450 0.883562 0.036434 0.166667
1 0.428876 0.912100 0.021318 0.114155
1 0.574419 0.563927 0.017054 0.054795
1 0.584690 0.440068 0.022093 0.131279
1 0.469186 0.474886 0.018217 0.041096
4 0.577907 0.733447 0.055814 0.065068