1 0.158077 0.612853 0.057692 0.042842
1 0.362308 0.601881 0.038462 0.050157
1 0.225000 0.507837 0.030000 0.033438
1 0.663462 0.781609 0.048462 0.064786
1 0.271538 0.404911 0.026154 0.034483
1 0.833077 0.569488 0.033846 0.054336
1 0.055000 0.668234 0.051538 0.095089
1 0.597308 0.609195 0.043846 0.062696
1 0.732692 0.723093 0.022308 0.071055
1 0.253846 0.594044 0.030769 0.047022
1 0.592692 0.701149 0.062308 0.052247
1 0.686538 0.671369 0.051538 0.059561
1 0.295385 0.597701 0.046154 0.041797
1 0.396154 0.507315 0.026154 0.049112
1 0.174615 0.852665 0.056923 0.096134
1 0.633077 0.612853 0.029231 0.061651
1 0.325385 0.752874 0.040000 0.074190
1 0.779615 0.810867 0.085385 0.071055
1 0.853462 0.698537 0.042308 0.088819
1 0.280769 0.472832 0.027692 0.036573
1 0.700000 0.753396 0.043077 0.096134
1 0.106538 0.559039 0.043846 0.048067
1 0.026154 0.467607 0.043077 0.042842
1 0.088846 0.529258 0.036154 0.034483
1 0.263462 0.756531 0.137692 0.294671
1 0.248846 0.426332 0.030000 0.027168
1 0.352308 0.542842 0.038462 0.038662
1 0.065769 0.789969 0.083846 0.144201
1 0.018846 0.512539 0.037692 0.047022
1 0.833846 0.765413 0.032308 0.070010
1 0.477692 0.699582 0.112308 0.078370
4 0.175000 0.547544 0.045385 0.043887
1 0.380000 0.635319 0.046154 0.071055