1 0.622308 0.488453 0.063077 0.071594
1 0.203462 0.622402 0.043846 0.055427
1 0.283462 0.878176 0.079231 0.068129
1 0.120000 0.842379 0.078462 0.056582
1 0.241154 0.540993 0.034615 0.049654
1 0.141923 0.772517 0.048462 0.050808
1 0.483462 0.625289 0.066923 0.040416
1 0.537692 0.180139 0.060000 0.053118
1 0.543462 0.496536 0.062308 0.053118
1 0.678077 0.318707 0.051538 0.057737
1 0.230000 0.468245 0.046154 0.068129
1 0.242692 0.316397 0.039231 0.062356
1 0.611538 0.295612 0.033846 0.062356
1 0.314231 0.517321 0.054615 0.048499
1 0.753462 0.521363 0.054615 0.056582
1 0.688077 0.825635 0.074615 0.064665
1 0.534231 0.250577 0.057692 0.060046
4 0.420000 0.831409 0.080000 0.048499
1 0.796538 0.608545 0.040769 0.076212
1 0.738077 0.247691 0.048462 0.054273
1 0.068462 0.415704 0.061538 0.050808
1 0.540000 0.864896 0.064615 0.138568
1 0.235769 0.844688 0.060769 0.072748
1 0.349615 0.393764 0.053077 0.060046
1 0.791923 0.524249 0.037692 0.062356
1 0.536154 0.678984 0.056923 0.087760
1 0.115000 0.617206 0.071538 0.049654
1 0.536154 0.445727 0.049231 0.066975
1 0.411538 0.523095 0.050769 0.043880
1 0.703462 0.390300 0.057692 0.060046
1 0.785769 0.437644 0.051538 0.050808
1 0.651538 0.209584 0.064615 0.061201
1 0.392692 0.189954 0.053077 0.075058
4 0.842308 0.290416 0.050769 0.033487
1 0.480769 0.796189 0.053846 0.063510
1 0.115769 0.702079 0.077692 0.085450
1 0.620385 0.362009 0.053077 0.063510
1 0.614231 0.441686 0.057692 0.058891
4 0.165769 0.386836 0.031538 0.039261
1 0.694231 0.484988 0.068462 0.062356
4 0.898077 0.428984 0.037692 0.033487
4 0.945385 0.428984 0.067692 0.054273
4 0.878462 0.244804 0.064615 0.032333
4 0.735000 0.306582 0.056154 0.093533
1 0.683846 0.249423 0.033846 0.050808
1 0.765385 0.558314 0.029231 0.042725
1 0.653077 0.404734 0.052308 0.047344
1 0.665000 0.367783 0.051538 0.049654
1 0.575769 0.403002 0.031538 0.071594
1 0.583077 0.351617 0.044615 0.058891
1 0.552692 0.344688 0.017692 0.056582
1 0.676923 0.438222 0.052308 0.047344
1 0.722308 0.350462 0.044615 0.040416
1 0.725000 0.342956 0.014615 0.069284
1 0.349615 0.419169 0.043846 0.046189
1 0.440385 0.294457 0.034615 0.050808
1 0.418077 0.315820 0.030000 0.061201
1 0.420000 0.195727 0.040000 0.045035
1 0.248077 0.605658 0.034615 0.042725
1 0.313846 0.587182 0.027692 0.049654
1 0.266538 0.748268 0.025385 0.032333
1 0.253462 0.720554 0.048462 0.062356
1 0.246154 0.678406 0.038462 0.079677
1 0.287692 0.695150 0.021538 0.039261
1 0.355385 0.849885 0.046154 0.046189
1 0.438846 0.783487 0.028462 0.068129
1 0.314231 0.844688 0.036154 0.038106
1 0.088846 0.445150 0.028462 0.026559
1 0.081538 0.465358 0.036923 0.041570
1 0.035385 0.458430 0.061538 0.050808
4 0.596538 0.022517 0.039231 0.040416
4 0.686923 0.064088 0.038462 0.047344