1 0.279500 0.508246 0.051000 0.128936
1 0.898000 0.357571 0.204000 0.148426
1 0.343000 0.536732 0.072000 0.077961
1 0.589500 0.792354 0.183000 0.184408
1 0.086500 0.655172 0.083000 0.101949
1 0.442500 0.562969 0.099000 0.115442
1 0.362500 0.757121 0.221000 0.260870
1 0.122500 0.828336 0.045000 0.052474
1 0.662000 0.060720 0.054000 0.118441
1 0.749000 0.459520 0.178000 0.175412
1 0.239000 0.603448 0.038000 0.079460
1 0.048500 0.534483 0.053000 0.070465
1 0.534500 0.458771 0.099000 0.113943
1 0.128000 0.095952 0.086000 0.185907
1 0.506500 0.334333 0.217000 0.164918
1 0.764000 0.265367 0.112000 0.179910
1 0.376500 0.074963 0.209000 0.149925
1 0.258000 0.329085 0.288000 0.307346
1 0.165500 0.703898 0.093000 0.091454
1 0.924500 0.697151 0.149000 0.269865
1 0.560500 0.247376 0.047000 0.086957
1 0.018500 0.235382 0.037000 0.173913
1 0.020500 0.652174 0.041000 0.089955
1 0.169500 0.611694 0.037000 0.089955
1 0.115500 0.578711 0.041000 0.098951
1 0.021500 0.467766 0.037000 0.089955
1 0.431000 0.670915 0.062000 0.088456
4 0.315000 0.600450 0.086000 0.055472