1 0.579484 0.640851 0.243207 0.104167
1 0.933424 0.769475 0.133152 0.122283
1 0.847826 0.691123 0.222826 0.126812
1 0.240489 0.821558 0.323370 0.170290
1 0.786005 0.560236 0.243207 0.082428
1 0.743886 0.818388 0.278533 0.093297
1 0.237772 0.615942 0.317935 0.137681
1 0.474864 0.570199 0.210598 0.071558
1 0.581522 0.525362 0.195652 0.079710
1 0.375679 0.735960 0.262228 0.140399
1 0.508152 0.876359 0.152174 0.078804
1 0.126359 0.729620 0.163043 0.073370
1 0.683424 0.727355 0.301630 0.119565
1 0.351902 0.341938 0.336957 0.131341
1 0.566576 0.779438 0.127717 0.055254
1 0.174592 0.873641 0.115489 0.051630
1 0.743207 0.617754 0.141304 0.047101
1 0.070652 0.653533 0.141304 0.105978
1 0.642663 0.861866 0.236413 0.113225
1 0.387908 0.587409 0.175272 0.104167