1 0.289615 0.330544 0.100769 0.077406
1 0.464615 0.273013 0.050769 0.083682
1 0.564615 0.544979 0.118462 0.115063
1 0.392692 0.342573 0.050000 0.057531
1 0.500385 0.273013 0.048462 0.046025
1 0.190385 0.415272 0.106923 0.089958
1 0.399615 0.584205 0.053077 0.120293
1 0.578077 0.311192 0.023846 0.086820
1 0.216154 0.491632 0.086154 0.102510
1 0.375769 0.432531 0.074615 0.141213
1 0.549615 0.389644 0.080769 0.103556
1 0.190000 0.345711 0.095385 0.063808
1 0.280000 0.342050 0.089231 0.069038
1 0.270385 0.515167 0.108462 0.105649
1 0.306538 0.317992 0.083846 0.081590
1 0.461538 0.441946 0.073846 0.086820
1 0.425000 0.293410 0.048462 0.078452
1 0.137308 0.538180 0.079231 0.095188