1 0.827637 0.838946 0.112305 0.108346
1 0.633301 0.549780 0.250977 0.279649
1 0.238770 0.179356 0.233398 0.168375
1 0.762695 0.729136 0.312500 0.348463
1 0.767578 0.296486 0.302734 0.288433
1 0.080078 0.622987 0.160156 0.253294
1 0.874023 0.533675 0.160156 0.150805
1 0.537598 0.196193 0.202148 0.146413
1 0.180664 0.449488 0.212891 0.260615
1 0.505371 0.844070 0.147461 0.162518
1 0.379883 0.812592 0.242188 0.234261
1 0.439453 0.344070 0.220703 0.213763
1 0.339844 0.530015 0.291016 0.251830
1 0.281738 0.721816 0.270508 0.193265
1 0.449707 0.633968 0.129883 0.093704
1 0.929199 0.366032 0.141602 0.240117
1 0.650391 0.177160 0.117188 0.102489
1 0.430176 0.098829 0.184570 0.147877
1 0.279297 0.298682 0.128906 0.099561