1 0.302778 0.487113 0.205556 0.252577
1 0.220000 0.728522 0.148889 0.223368
1 0.920000 0.725086 0.042222 0.120275
1 0.243333 0.917526 0.164444 0.161512
1 0.530000 0.789519 0.148889 0.372852
6 0.120000 0.151203 0.237778 0.243986
6 0.708333 0.260309 0.134444 0.111684
1 0.895000 0.793814 0.041111 0.079038
6 0.112778 0.292955 0.050000 0.084192
1 0.852778 0.647766 0.038889 0.082474
1 0.432778 0.929553 0.083333 0.137457
1 0.710000 0.906357 0.240000 0.176976
1 0.893333 0.560997 0.091111 0.108247
1 0.645000 0.575601 0.074444 0.144330
1 0.096111 0.582474 0.190000 0.199313
1 0.341111 0.757732 0.100000 0.144330
1 0.800000 0.750000 0.080000 0.115120
1 0.469444 0.494845 0.050000 0.054983
6 0.339444 0.287801 0.234444 0.403780
6 0.595000 0.199313 0.121111 0.398625
1 0.760556 0.670962 0.056667 0.073883
6 0.018333 0.168385 0.036667 0.072165
6 0.046111 0.264605 0.092222 0.171821
6 0.280000 0.156357 0.126667 0.109966
6 0.422222 0.109107 0.155556 0.218213
6 0.525556 0.113402 0.071111 0.082474
6 0.513889 0.216495 0.092222 0.109966
6 0.466111 0.313574 0.114444 0.166667
6 0.796667 0.499141 0.117778 0.121993
6 0.495000 0.431271 0.036667 0.058419
1 0.550000 0.433849 0.095556 0.214777
1 0.707222 0.568729 0.074444 0.144330
1 0.689444 0.642612 0.074444 0.144330
1 0.750556 0.580756 0.016667 0.075601
1 0.752778 0.816151 0.156667 0.120275
1 0.583889 0.695876 0.063333 0.137457
1 0.409444 0.619416 0.112222 0.173540
1 0.333889 0.891753 0.070000 0.185567
1 0.448889 0.739691 0.026667 0.101375
1 0.240000 0.817869 0.071111 0.085911
1 0.069444 0.703608 0.138889 0.115120
1 0.077778 0.761168 0.091111 0.127148
1 0.094444 0.878007 0.100000 0.144330
1 0.059444 0.906357 0.118889 0.187285
1 0.144444 0.771478 0.028889 0.113402
1 0.196111 0.827320 0.018889 0.032646
6 0.643889 0.400344 0.107778 0.161512