1 0.668333 0.366250 0.126667 0.132500
1 0.407500 0.421250 0.075000 0.072500
1 0.750000 0.713750 0.126667 0.117500
1 0.792500 0.473750 0.088333 0.142500
1 0.665833 0.496250 0.165000 0.147500
1 0.395833 0.508750 0.125000 0.112500
1 0.250000 0.690000 0.090000 0.095000
1 0.727500 0.258750 0.125000 0.102500
1 0.657500 0.675000 0.158333 0.150000
1 0.213333 0.391250 0.100000 0.107500
1 0.315000 0.638750 0.066667 0.082500
1 0.569167 0.248750 0.158333 0.132500
1 0.188333 0.595000 0.123333 0.105000
1 0.305833 0.343750 0.115000 0.112500
1 0.515833 0.433750 0.151667 0.132500
1 0.380833 0.733750 0.158333 0.132500
1 0.465833 0.606250 0.155000 0.122500
1 0.533333 0.705000 0.130000 0.120000
1 0.529167 0.522500 0.105000 0.080000
1 0.230000 0.257500 0.123333 0.135000
1 0.282500 0.483750 0.175000 0.137500
1 0.423333 0.238750 0.170000 0.187500
1 0.714167 0.590000 0.068333 0.085000