1 0.600714 0.293151 0.052857 0.093151
1 0.578571 0.745205 0.077143 0.093151
1 0.377857 0.745205 0.032857 0.065753
1 0.418571 0.424658 0.080000 0.082192
1 0.620714 0.579452 0.055714 0.095890
1 0.343571 0.290411 0.067143 0.104110
1 0.642857 0.712329 0.031429 0.076712
1 0.286429 0.415068 0.132857 0.139726
1 0.500714 0.235616 0.055714 0.065753
1 0.563571 0.384932 0.118571 0.134247
1 0.405714 0.669863 0.077143 0.095890
1 0.181429 0.672603 0.117143 0.178082
1 0.327143 0.721918 0.088571 0.090411
1 0.103571 0.382192 0.138571 0.200000
1 0.709286 0.450685 0.061429 0.068493
1 0.625714 0.504110 0.040000 0.049315
1 0.710714 0.682192 0.055714 0.071233
1 0.859286 0.621918 0.178571 0.224658
1 0.085714 0.872603 0.108571 0.178082
1 0.146429 0.565753 0.050000 0.063014
1 0.785000 0.358904 0.055714 0.098630
1 0.342857 0.510959 0.091429 0.095890
1 0.512857 0.641096 0.042857 0.131507
1 0.762857 0.487671 0.054286 0.065753
1 0.312857 0.326027 0.048571 0.076712