4 0.809115 0.379167 0.021354 0.041667
4 0.608073 0.682870 0.029687 0.084259
4 0.682292 0.202778 0.028125 0.100000
4 0.785417 0.406944 0.029167 0.045370
4 0.737760 0.225000 0.024479 0.029630
4 0.924219 0.895370 0.029687 0.029630
4 0.968229 0.365278 0.046875 0.043519
4 0.902604 0.460185 0.031250 0.031481
4 0.895312 0.581944 0.030208 0.104630
4 0.528385 0.808796 0.028646 0.132407
4 0.649479 0.601389 0.021875 0.073148
4 0.775521 0.474537 0.040625 0.028704
4 0.699740 0.421759 0.052604 0.030556
4 0.971875 0.318519 0.056250 0.061111
4 0.858854 0.271759 0.014583 0.056481
4 0.786458 0.201852 0.020833 0.031481
4 0.867448 0.221296 0.013021 0.044444
4 0.884115 0.158333 0.027604 0.035185