4 0.355990 0.237037 0.039062 0.081481
4 0.968490 0.108333 0.026562 0.053704
4 0.714063 0.650000 0.038542 0.044444
4 0.734115 0.130093 0.042188 0.047222
4 0.842969 0.048148 0.032813 0.037037
4 0.844010 0.212037 0.043229 0.062963
4 0.544531 0.454167 0.032813 0.028704
4 0.226302 0.410648 0.031771 0.112037
4 0.688021 0.114815 0.022917 0.046296
4 0.662760 0.046296 0.024479 0.044444
4 0.576042 0.077778 0.023958 0.029630
4 0.802865 0.082870 0.036979 0.041667
4 0.328385 0.947685 0.058854 0.102778
4 0.376042 0.706481 0.072917 0.074074
4 0.494010 0.332870 0.017188 0.063889
4 0.524740 0.304167 0.010937 0.056481
4 0.497656 0.187500 0.020313 0.060185
4 0.429167 0.319444 0.021875 0.035185
4 0.611719 0.468981 0.014063 0.026852
4 0.239323 0.813426 0.025521 0.084259