4 0.901563 0.606481 0.036458 0.120370
4 0.700521 0.120833 0.021875 0.034259
4 0.454167 0.020833 0.015625 0.041667
4 0.971354 0.896296 0.057292 0.062963
4 0.666667 0.845370 0.050000 0.064815
8 0.250781 0.294907 0.074479 0.060185
4 0.315104 0.560648 0.027083 0.043519
4 0.901563 0.121296 0.032292 0.035185
4 0.746875 0.025926 0.042708 0.046296
4 0.391406 0.293056 0.032813 0.026852
4 0.853646 0.168519 0.058333 0.051852
4 0.105729 0.935185 0.053125 0.081481
4 0.363802 0.431481 0.020313 0.048148
8 0.547135 0.328241 0.047396 0.037963
4 0.651563 0.591204 0.031250 0.041667
4 0.895833 0.306019 0.054167 0.073148