4 0.533854 0.540741 0.066667 0.046296
4 0.669792 0.659259 0.033333 0.038889
4 0.646615 0.148148 0.029687 0.035185
4 0.696615 0.054630 0.018229 0.042593
4 0.397656 0.487963 0.058854 0.050000
4 0.845052 0.242130 0.040104 0.034259
4 0.742188 0.043056 0.016667 0.037963
4 0.710417 0.144907 0.027083 0.037963
4 0.527083 0.266204 0.036458 0.036111
4 0.654687 0.113426 0.026042 0.030556
4 0.816146 0.476389 0.027083 0.037963
4 0.633073 0.262500 0.015104 0.036111
4 0.213021 0.716204 0.055208 0.034259
4 0.394531 0.724074 0.034896 0.059259