10 0.304948 0.693519 0.066146 0.096296
10 0.640104 0.717130 0.072917 0.121296
4 0.258333 0.517130 0.056250 0.080556
10 0.547396 0.738889 0.070833 0.111111
10 0.370052 0.712500 0.060937 0.110185
10 0.402344 0.612037 0.079687 0.133333
10 0.336198 0.632870 0.064062 0.099074
10 0.504687 0.785648 0.062500 0.130556
10 0.717708 0.845833 0.061458 0.134259
10 0.399479 0.796296 0.084375 0.157407
10 0.310937 0.558333 0.056250 0.087037
10 0.500000 0.696296 0.063542 0.116667
10 0.275000 0.607870 0.076042 0.097222
10 0.316667 0.780556 0.084375 0.140741
10 0.421875 0.688426 0.058333 0.104630
10 0.553646 0.612500 0.088542 0.149074
10 0.193490 0.556019 0.084896 0.093519
10 0.766667 0.920833 0.139583 0.147222
10 0.651563 0.869444 0.102083 0.192593