4 0.060156 0.590278 0.120313 0.178704
10 0.114844 0.839815 0.093229 0.187037
10 0.199740 0.860185 0.142187 0.216667
10 0.954688 0.668519 0.075000 0.135185
10 0.352083 0.216204 0.064583 0.086111
10 0.337500 0.134722 0.071875 0.112037
10 0.802083 0.527315 0.056250 0.100926
10 0.292187 0.185648 0.072917 0.117593
10 0.758073 0.557870 0.078646 0.113889
10 0.239323 0.620833 0.144271 0.276852
10 0.285677 0.071296 0.058854 0.103704
10 0.182292 0.764352 0.093750 0.147222
4 0.560937 0.812500 0.152083 0.147222
10 0.167448 0.531481 0.147396 0.264815
10 0.948438 0.794444 0.103125 0.174074
10 0.130208 0.685185 0.100000 0.164815
10 0.059375 0.934259 0.118750 0.131481