10 0.154688 0.216667 0.054167 0.087037
10 0.717708 0.668981 0.058333 0.106481
10 0.117708 0.083333 0.073958 0.103704
10 0.684115 0.711111 0.060937 0.112963
10 0.764844 0.736574 0.081771 0.128704
10 0.807552 0.606019 0.067187 0.100926
10 0.820573 0.713426 0.064062 0.117593
10 0.777083 0.647685 0.063542 0.095370
10 0.608333 0.568981 0.064583 0.099074
10 0.106771 0.254167 0.076042 0.110185
10 0.054688 0.825926 0.109375 0.244444
10 0.887500 0.755556 0.094792 0.131481
4 0.297917 0.195833 0.066667 0.076852
10 0.168490 0.282870 0.077604 0.087963
10 0.869792 0.652778 0.072917 0.112963