10 0.498958 0.915741 0.069792 0.135185
10 0.536458 0.954167 0.089583 0.089815
10 0.421615 0.915278 0.105729 0.156481
10 0.416927 0.712500 0.069271 0.108333
10 0.349479 0.863426 0.114583 0.171296
10 0.544531 0.775000 0.064062 0.114815
10 0.487500 0.814352 0.084375 0.136111
10 0.577604 0.852778 0.086458 0.155556
10 0.606771 0.712963 0.088542 0.203704
10 0.414583 0.804167 0.075000 0.112037
10 0.051562 0.087500 0.067708 0.091667
10 0.600521 0.948611 0.076042 0.100926
4 0.354167 0.309259 0.059375 0.105556
10 0.647396 0.885648 0.091667 0.178704
10 0.463802 0.734722 0.063021 0.095370