10 0.452604 0.916667 0.086458 0.144444
10 0.033333 0.088889 0.055208 0.083333
10 0.551302 0.757870 0.054688 0.132407
10 0.472396 0.739352 0.064583 0.106481
4 0.354687 0.393519 0.056250 0.101852
10 0.629687 0.945370 0.078125 0.107407
10 0.515625 0.913426 0.070833 0.136111
10 0.606771 0.739815 0.081250 0.138889
10 0.502344 0.819907 0.077604 0.130556
10 0.372135 0.770833 0.083854 0.145370
10 0.585417 0.848611 0.077083 0.141667
10 0.028646 0.171759 0.057292 0.099074
10 0.716927 0.914815 0.076563 0.153704
10 0.652604 0.859722 0.086458 0.178704
10 0.320312 0.594444 0.066667 0.087037
10 0.566146 0.943519 0.094792 0.112963
10 0.321875 0.588889 0.060417 0.088889