10 0.125260 0.818519 0.140104 0.220370
10 0.040625 0.911574 0.081250 0.162037
10 0.628646 0.882407 0.129167 0.235185
10 0.162760 0.464815 0.096354 0.181481
10 0.126302 0.573611 0.081771 0.125000
10 0.075781 0.455093 0.101562 0.260185
10 0.627344 0.929167 0.128646 0.136111
10 0.167708 0.675463 0.096875 0.171296
4 0.248438 0.099074 0.041667 0.044444
10 0.264583 0.758796 0.079167 0.154630
8 0.548958 0.047222 0.052083 0.094444
10 0.583333 0.854630 0.091667 0.290741
10 0.041146 0.713426 0.082292 0.245370