10 0.281771 0.589352 0.056250 0.091667
10 0.306510 0.464352 0.061979 0.093519
10 0.242448 0.646296 0.073438 0.124074
10 0.381771 0.413426 0.059375 0.165741
10 0.324479 0.639815 0.072917 0.116667
10 0.397135 0.512963 0.052604 0.079630
10 0.217708 0.586574 0.066667 0.095370
10 0.161719 0.423611 0.066146 0.084259
10 0.367448 0.590278 0.058854 0.086111
10 0.355729 0.470370 0.048958 0.109259
10 0.625781 0.625926 0.055729 0.092593
10 0.559115 0.779167 0.053646 0.130556
10 0.589583 0.695833 0.046875 0.069444
4 0.091406 0.264815 0.038021 0.055556