10 0.603385 0.785185 0.081771 0.155556
10 0.561719 0.698611 0.066146 0.160185
10 0.489323 0.873148 0.072396 0.124074
10 0.590625 0.917593 0.088542 0.129630
10 0.622135 0.667593 0.085938 0.146296
10 0.394010 0.824537 0.088021 0.152778
4 0.373958 0.404630 0.051042 0.107407
10 0.327083 0.547685 0.090625 0.065741
10 0.353906 0.618056 0.070312 0.075000
10 0.387760 0.716667 0.069271 0.118519
10 0.438281 0.663426 0.052604 0.115741
10 0.529948 0.830093 0.057813 0.132407
10 0.667708 0.743981 0.062500 0.199074
10 0.725260 0.776389 0.070312 0.156481
10 0.774740 0.889352 0.098437 0.145370