4 0.912760 0.080556 0.031771 0.033333
10 0.616406 0.914815 0.102604 0.166667
10 0.349219 0.783333 0.108854 0.150000
10 0.615104 0.803241 0.094792 0.089815
10 0.414844 0.713426 0.058854 0.130556
10 0.357552 0.685648 0.069271 0.106481
10 0.312500 0.595833 0.101042 0.106481
10 0.555990 0.705556 0.063021 0.109259
10 0.566927 0.594907 0.086979 0.173148
10 0.623698 0.653704 0.099479 0.211111
10 0.702865 0.919444 0.110937 0.153704
10 0.826562 0.937037 0.183333 0.124074
10 0.433594 0.811111 0.064062 0.148148
10 0.535677 0.838889 0.099479 0.148148
10 0.267188 0.531019 0.114583 0.097222
10 0.497917 0.775000 0.060417 0.140741
10 0.733594 0.761574 0.149479 0.167593
10 0.451042 0.600926 0.055208 0.137037
10 0.357812 0.497685 0.068750 0.080556
10 0.390885 0.618981 0.068229 0.121296
4 0.811198 0.028241 0.028646 0.026852
10 0.369531 0.539815 0.054688 0.092593