4 0.875781 0.156481 0.056771 0.044444
10 0.390104 0.464352 0.061458 0.115741
10 0.170052 0.447685 0.072396 0.095370
10 0.340104 0.664352 0.088542 0.110185
10 0.247917 0.681481 0.081250 0.150000
10 0.366146 0.515278 0.056250 0.113889
10 0.229687 0.607870 0.073958 0.093519
10 0.314063 0.499537 0.055208 0.084259
10 0.630208 0.658333 0.044792 0.079630
10 0.592708 0.735185 0.045833 0.070370
10 0.461979 0.450926 0.048958 0.092593
10 0.567187 0.812963 0.070833 0.133333
10 0.409635 0.533796 0.048438 0.086111