10 0.624219 0.766667 0.092188 0.151852
4 0.100000 0.405556 0.076042 0.055556
10 0.558854 0.554167 0.084375 0.150926
10 0.944010 0.802315 0.109896 0.145370
10 0.594792 0.664815 0.080208 0.131481
10 0.930208 0.682407 0.112500 0.140741
10 0.523698 0.674537 0.082812 0.119444
10 0.669010 0.680093 0.081771 0.117593
10 0.463021 0.706481 0.100000 0.170370
10 0.538021 0.782407 0.089583 0.151852
10 0.773958 0.903704 0.067708 0.187037
10 0.665365 0.893056 0.052604 0.125000
10 0.698438 0.772222 0.071875 0.140741
10 0.791146 0.762500 0.050000 0.121296
10 0.663021 0.603704 0.066667 0.083333
10 0.492708 0.883796 0.105208 0.173148
10 0.589844 0.875926 0.079687 0.124074
10 0.632031 0.966667 0.080729 0.066667