4 0.440515 0.539885 0.074379 0.081414
4 0.367690 0.573465 0.047880 0.036732
4 0.358004 0.434485 0.069079 0.052632
4 0.317617 0.311815 0.058480 0.030428
4 0.589912 0.119655 0.058480 0.047971
4 0.617964 0.072505 0.027595 0.027138
4 0.471308 0.043037 0.074561 0.031798
4 0.410636 0.067023 0.067982 0.047971
4 0.108644 0.520833 0.099963 0.052632
4 0.245340 0.251919 0.052083 0.038377
4 0.472862 0.653098 0.043677 0.062226
4 0.523940 0.567845 0.039474 0.044682
4 0.436769 0.275905 0.058480 0.079770
4 0.388341 0.275905 0.051170 0.051261
4 0.840826 0.657895 0.084064 0.061952
4 0.739218 0.683525 0.051170 0.043037
4 0.685490 0.716968 0.047880 0.039748
4 0.521290 0.711349 0.055373 0.041667
4 0.358096 0.660225 0.064876 0.047971
4 0.313414 0.690652 0.086257 0.127467
4 0.131579 0.790296 0.111477 0.052632