4 0.835526 0.569901 0.103801 0.082785
4 0.614675 0.493147 0.089730 0.087719
4 0.306652 0.247259 0.089912 0.076754
4 0.377467 0.280839 0.074379 0.062226
4 0.577211 0.278098 0.128107 0.099507
4 0.188048 0.543586 0.058480 0.067982
4 0.723776 0.442845 0.076572 0.066612
4 0.285179 0.911047 0.044773 0.035910
4 0.332054 0.607456 0.118787 0.085526
4 0.058662 0.330181 0.117325 0.088542
4 0.100969 0.555921 0.073648 0.099781
4 0.112664 0.392133 0.088268 0.059485
4 0.218476 0.290570 0.074013 0.060307
4 0.291941 0.421738 0.094481 0.079221
4 0.628746 0.481223 0.091557 0.105537
4 0.294042 0.362802 0.061769 0.042489
4 0.928545 0.655154 0.084064 0.065789
4 0.952029 0.483279 0.095943 0.061952
4 0.965186 0.446546 0.069627 0.044408
4 0.886148 0.417763 0.059211 0.049342
4 0.082054 0.720669 0.034357 0.024671