4 0.537281 0.560444 0.063231 0.052357
8 0.613213 0.520833 0.065241 0.069079
4 0.229715 0.318668 0.106725 0.041941
4 0.495066 0.024534 0.096857 0.040296
4 0.537738 0.041530 0.074744 0.025493
4 0.732456 0.357730 0.038012 0.105263
4 0.782895 0.086760 0.059942 0.173520
4 0.930556 0.145011 0.054094 0.175439
4 0.856725 0.252467 0.090643 0.070175
4 0.670322 0.676809 0.036550 0.024123
4 0.448099 0.225055 0.054094 0.050439
4 0.559942 0.462993 0.049708 0.061404
4 0.375000 0.452029 0.039474 0.065789
4 0.042398 0.457511 0.023392 0.063596
4 0.092105 0.408169 0.038012 0.052632
4 0.027047 0.175713 0.033626 0.052632
4 0.022661 0.130757 0.024854 0.024123
4 0.116228 0.192160 0.033626 0.089912
4 0.307018 0.098958 0.046784 0.030702
4 0.200292 0.231634 0.049708 0.046053
4 0.523392 0.390625 0.061404 0.074561
4 0.073830 0.279879 0.024854 0.059211