4 0.121254 0.230537 0.034905 0.086623
4 0.060855 0.613898 0.043860 0.035910
4 0.198648 0.832374 0.017909 0.029879
4 0.170139 0.170641 0.019006 0.033169
4 0.247990 0.566612 0.014985 0.034539
4 0.293860 0.211075 0.014985 0.024123
4 0.292398 0.254523 0.017909 0.021107
4 0.265990 0.249315 0.016996 0.019463
4 0.281981 0.288925 0.014985 0.020833
4 0.290387 0.348136 0.013889 0.022478
4 0.273026 0.351151 0.014985 0.022478
4 0.277961 0.385554 0.014985 0.025493
4 0.310398 0.436266 0.015899 0.019463
4 0.276407 0.463405 0.015899 0.019463
4 0.310398 0.240954 0.011879 0.020833
4 0.323830 0.755208 0.010965 0.028509
4 0.328856 0.789611 0.012975 0.019463
4 0.329861 0.648163 0.014985 0.023849
4 0.326846 0.673657 0.014803 0.017818
4 0.305373 0.346628 0.016082 0.019463
4 0.394737 0.551672 0.023026 0.046327
4 0.287920 0.491776 0.012975 0.028509
4 0.311404 0.598136 0.012061 0.028509
4 0.307383 0.413103 0.012061 0.018092
4 0.055373 0.914611 0.024854 0.017818
4 0.176078 0.788103 0.016996 0.022478