4 0.553911 0.914474 0.036915 0.098136
4 0.522387 0.382675 0.034905 0.050987
4 0.561129 0.021656 0.018092 0.043311
4 0.742233 0.443120 0.025402 0.046875
4 0.522021 0.210389 0.028326 0.061129
4 0.426170 0.303591 0.028143 0.054002
4 0.307566 0.124589 0.036184 0.064967
4 0.590369 0.237939 0.038194 0.022478
4 0.356817 0.446272 0.044773 0.062500
4 0.639711 0.340598 0.024306 0.024945
4 0.637701 0.720121 0.061952 0.063596
4 0.693805 0.623081 0.038925 0.108553
4 0.717562 0.610197 0.020651 0.014803
4 0.504477 0.226837 0.029423 0.068805
4 0.460526 0.501782 0.047149 0.052357