4 0.628655 0.723273 0.037281 0.057292
4 0.961988 0.552769 0.076023 0.044682
4 0.782529 0.630757 0.042398 0.087719
4 0.869335 0.379660 0.034357 0.076754
4 0.654971 0.449836 0.037281 0.101974
4 0.777686 0.452029 0.042580 0.106360
4 0.276864 0.627604 0.059576 0.030428
4 0.548611 0.642681 0.045687 0.130757
4 0.559302 0.881305 0.041484 0.122807
4 0.503472 0.570175 0.046784 0.084430
4 0.164382 0.234512 0.115314 0.225603
4 0.298337 0.229852 0.078034 0.138980
4 0.595486 0.090872 0.022113 0.051809
4 0.666301 0.093339 0.027778 0.056743
4 0.646107 0.252878 0.029057 0.090735
4 0.786641 0.275219 0.035270 0.103070
4 0.773392 0.216557 0.045322 0.089912
4 0.662281 0.198602 0.020833 0.034814
4 0.791758 0.730811 0.031615 0.055921
4 0.718019 0.866913 0.020102 0.055647
4 0.643001 0.853207 0.023940 0.058388
4 0.647387 0.958607 0.037829 0.076754
4 0.706049 0.948191 0.017727 0.055921
4 0.740406 0.909951 0.011879 0.035910
4 0.671418 0.544956 0.025219 0.020833
4 0.751645 0.469435 0.015716 0.037555
4 0.712354 0.916941 0.013889 0.023575
4 0.449561 0.963405 0.036550 0.073191