1 0.811860 0.776179 0.044042 0.040296
4 0.111751 0.698328 0.026864 0.046327
4 0.115771 0.602522 0.025037 0.055373
4 0.363761 0.509046 0.041849 0.038925
4 0.787920 0.485746 0.022113 0.022478
4 0.856817 0.488761 0.040022 0.028509
4 0.583882 0.179688 0.019006 0.029879
4 0.595760 0.158717 0.014985 0.026864
4 0.366776 0.246299 0.013889 0.031524
4 0.337811 0.270285 0.011879 0.022478
4 0.933114 0.734238 0.050804 0.040296
4 0.256944 0.301672 0.012061 0.028235
4 0.082328 0.696135 0.023940 0.021107
4 0.414656 0.589090 0.035819 0.034539
4 0.697551 0.342105 0.023026 0.040570
4 0.460069 0.982045 0.026864 0.035910
4 0.076389 0.794134 0.025950 0.034539
4 0.059850 0.773849 0.029057 0.038925
4 0.457054 0.628015 0.027047 0.037281
4 0.708516 0.372122 0.019006 0.019463
1 0.485563 0.978481 0.032529 0.037555
4 0.419042 0.783032 0.012427 0.049068
4 0.272935 0.599918 0.021016 0.021656
4 0.117325 0.172423 0.018275 0.016996
4 0.152778 0.099918 0.012427 0.021656
4 0.162829 0.088405 0.015351 0.015625
4 0.169042 0.070450 0.014254 0.011513
4 0.166667 0.058251 0.015351 0.012884
4 0.203034 0.092654 0.015351 0.015899
4 0.215552 0.089090 0.011513 0.020285
4 0.204039 0.013021 0.019189 0.017270
4 0.222770 0.514391 0.020102 0.028783
4 0.349141 0.597588 0.025768 0.023026
4 0.370249 0.466283 0.018275 0.015899
4 0.384046 0.458333 0.021016 0.014254
4 0.495157 0.351288 0.021016 0.018914
4 0.435307 0.310444 0.012427 0.017270
4 0.442526 0.321135 0.011513 0.015625
4 0.531615 0.125822 0.017178 0.018640
4 0.445358 0.359238 0.017178 0.020011
4 0.388432 0.396519 0.016265 0.020011
4 0.364949 0.440378 0.013523 0.018914
4 0.349141 0.359238 0.016265 0.017270
4 0.322734 0.314693 0.015351 0.020285
4 0.334795 0.324013 0.014254 0.015899
4 0.387427 0.320450 0.018275 0.023026
4 0.342928 0.298794 0.011513 0.025768
4 0.682018 0.786595 0.017178 0.027138
4 0.487025 0.126508 0.012427 0.020011
4 0.570815 0.046053 0.011513 0.025768
4 0.579496 0.041667 0.009503 0.023026
4 0.663834 0.084704 0.011513 0.023026
4 0.635508 0.091146 0.018092 0.024397
4 0.321363 0.065378 0.014437 0.015625
4 0.289748 0.063185 0.016265 0.017270
4 0.306012 0.026590 0.018092 0.024671
4 0.263432 0.171738 0.017361 0.015625
4 0.248081 0.183251 0.015168 0.012884
4 0.249452 0.137884 0.012427 0.023026
4 0.265808 0.148026 0.018092 0.014254
4 0.304094 0.140077 0.010599 0.021382
4 0.323282 0.107045 0.020102 0.021656
4 0.480355 0.076069 0.016265 0.020011
4 0.509594 0.050302 0.013341 0.017270
4 0.278692 0.345532 0.017178 0.024397
4 0.249086 0.056743 0.017178 0.018640
4 0.261513 0.081140 0.013523 0.021382