4 0.045048 0.395011 0.088633 0.089912
4 0.192526 0.404879 0.029057 0.029057
4 0.906159 0.308799 0.033077 0.028783
4 0.671418 0.359512 0.020468 0.032621
4 0.344664 0.149808 0.029240 0.020559
4 0.388615 0.129249 0.010051 0.017270
4 0.402961 0.115132 0.009503 0.015899
4 0.417124 0.159951 0.007127 0.006305
4 0.421784 0.153372 0.004386 0.008498
4 0.345943 0.069353 0.009137 0.015351
4 0.276864 0.040570 0.016082 0.021930
4 0.246985 0.034539 0.022113 0.022478
4 0.239857 0.141310 0.012610 0.012884
4 0.293311 0.174616 0.017909 0.012061
4 0.388067 0.434211 0.024671 0.035636
4 0.441246 0.415844 0.017361 0.013158
4 0.475694 0.527275 0.014985 0.019463
4 0.517270 0.592654 0.005665 0.020285
4 0.784722 0.994380 0.019006 0.011239
4 0.976425 0.430099 0.020833 0.014254
4 0.885325 0.466557 0.013706 0.019189
4 0.908077 0.384594 0.005117 0.015351
4 0.802449 0.416118 0.005848 0.009320
4 0.723045 0.483279 0.003838 0.025219
4 0.421327 0.660636 0.009320 0.025219
4 0.290936 0.604715 0.020468 0.018640
4 0.301261 0.487527 0.012610 0.012336
4 0.250914 0.474644 0.006944 0.008498
4 0.298794 0.467105 0.005482 0.009320
4 0.260508 0.465735 0.009320 0.006579
4 0.136148 0.498629 0.013889 0.013158
4 0.089364 0.590461 0.012061 0.015899
4 0.091557 0.097451 0.027412 0.020011
4 0.080866 0.182566 0.011879 0.009320
4 0.088176 0.125411 0.011513 0.012336
4 0.086349 0.159265 0.009320 0.015351
4 0.104898 0.136513 0.016082 0.009868
4 0.120066 0.159402 0.008041 0.009594
4 0.121436 0.170916 0.007858 0.010691
4 0.167580 0.143366 0.009503 0.007675
4 0.150311 0.165844 0.015899 0.026316
4 0.199836 0.142955 0.010782 0.010143
4 0.165753 0.101562 0.010599 0.022752
4 0.330135 0.132675 0.005665 0.010417
4 0.533077 0.239583 0.018275 0.018092
4 0.620431 0.263843 0.019371 0.022752
4 0.537738 0.128701 0.007493 0.007950
4 0.495888 0.131168 0.005300 0.005757
4 0.018092 0.149808 0.013523 0.007401
4 0.040205 0.155976 0.013889 0.014254