4 0.272661 0.354715 0.024123 0.021382
4 0.129386 0.321409 0.032529 0.062226
4 0.367416 0.353481 0.039291 0.056743
4 0.253564 0.305099 0.027230 0.021382
4 0.419408 0.381442 0.055556 0.059485
4 0.482730 0.341009 0.064876 0.064145
4 0.490497 0.458607 0.035819 0.059759
4 0.222314 0.234512 0.016630 0.015625
4 0.039291 0.248492 0.028509 0.018914
4 0.101700 0.356086 0.017727 0.014254
4 0.082694 0.367188 0.011879 0.015077
4 0.100877 0.409951 0.016813 0.013432
4 0.060673 0.451343 0.019737 0.014529
4 0.092105 0.448602 0.013889 0.010691
4 0.069079 0.476425 0.008772 0.012610
4 0.119974 0.467928 0.030519 0.038377
4 0.137427 0.420779 0.009503 0.013158
4 0.110837 0.563596 0.013706 0.012610
4 0.254751 0.596628 0.056287 0.061129
4 0.295870 0.436678 0.008772 0.007675
4 0.282438 0.448054 0.011879 0.006305
4 0.304550 0.454359 0.011879 0.007950
4 0.316338 0.459430 0.009868 0.007675
4 0.292398 0.452029 0.010965 0.011513
4 0.257767 0.479989 0.012610 0.007675
4 0.270468 0.482319 0.006579 0.004660
4 0.244061 0.424890 0.008224 0.008772
4 0.256031 0.420230 0.006579 0.013158
4 0.268823 0.434485 0.004020 0.011513
4 0.274306 0.464090 0.009868 0.006579
4 0.312135 0.429962 0.004386 0.005757
4 0.320084 0.432155 0.003472 0.006305
4 0.302906 0.465049 0.010417 0.005757
4 0.300621 0.473410 0.003655 0.008224
4 0.293768 0.466009 0.003838 0.004934
4 0.310855 0.497807 0.008041 0.006031
4 0.326206 0.501234 0.013158 0.006853
4 0.305830 0.523712 0.051718 0.040844
4 0.307474 0.506305 0.008589 0.004386
4 0.257675 0.489446 0.003655 0.009046
4 0.269737 0.487116 0.003655 0.003838
4 0.316429 0.479852 0.005300 0.005757
4 0.321637 0.467516 0.009868 0.006305
4 0.112664 0.251096 0.014072 0.019189
4 0.103618 0.244243 0.047149 0.041118