9 0.804688 0.390741 0.190625 0.259259
6 0.546615 0.306481 0.096354 0.229630
6 0.510417 0.501389 0.181250 0.208333
6 0.473438 0.439352 0.132292 0.293519
4 0.155208 0.529167 0.082292 0.154630
4 0.130990 0.406944 0.173437 0.119444
4 0.428646 0.354630 0.110417 0.062963
4 0.701042 0.362500 0.161458 0.249074
4 0.029687 0.256481 0.059375 0.140741
4 0.419271 0.499074 0.064583 0.168519
4 0.566146 0.583333 0.108333 0.172222
4 0.028646 0.393056 0.057292 0.100926
4 0.405729 0.659259 0.244792 0.214815
4 0.643490 0.202315 0.039062 0.062037
4 0.674740 0.307407 0.023438 0.033333
4 0.633073 0.293056 0.049479 0.082407