4 0.473177 0.087037 0.048438 0.068519
6 0.580729 0.052315 0.140625 0.104630
4 0.342187 0.487037 0.068750 0.100000
4 0.875260 0.731019 0.249479 0.249074
4 0.965365 0.039352 0.068229 0.071296
4 0.737760 0.540741 0.128646 0.398148
9 0.350000 0.562037 0.320833 0.277778
4 0.514844 0.328241 0.057813 0.113889
4 0.329688 0.343981 0.065625 0.082407
4 0.563802 0.163889 0.093229 0.077778
4 0.705990 0.179630 0.069271 0.061111
4 0.579688 0.391667 0.073958 0.079630
4 0.539062 0.672222 0.051042 0.148148
4 0.048438 0.376852 0.094792 0.125926
4 0.872656 0.543519 0.159896 0.140741
4 0.620052 0.290741 0.052604 0.061111
4 0.593229 0.654167 0.137500 0.160185
4 0.022135 0.418056 0.044271 0.121296
4 0.358073 0.044444 0.066146 0.083333
4 0.428646 0.248611 0.058333 0.073148
4 0.678385 0.533796 0.107813 0.099074
4 0.553385 0.561111 0.142187 0.096296