6 0.118490 0.774537 0.148438 0.130556
6 0.458854 0.624074 0.108333 0.116667
6 0.589844 0.531019 0.063021 0.117593
6 0.771615 0.256481 0.080729 0.085185
6 0.074219 0.140278 0.148438 0.280556
6 0.187500 0.751852 0.103125 0.122222
6 0.558594 0.693056 0.185938 0.128704
6 0.349219 0.505556 0.089063 0.177778
6 0.180469 0.476852 0.073438 0.112963
6 0.785417 0.366204 0.083333 0.073148
6 0.599740 0.428704 0.039062 0.114815
6 0.459896 0.415741 0.097917 0.111111
4 0.235417 0.131481 0.130208 0.148148
4 0.281510 0.082407 0.114062 0.112963
4 0.451823 0.512963 0.052604 0.151852
4 0.226042 0.616667 0.041667 0.042593
4 0.642448 0.150000 0.127604 0.111111
4 0.193490 0.141204 0.173437 0.147222
4 0.770833 0.087500 0.119792 0.084259
4 0.257292 0.657407 0.134375 0.153704
4 0.219792 0.648611 0.042708 0.043519
4 0.296615 0.596759 0.118229 0.256481
4 0.519531 0.360648 0.048438 0.075000
4 0.771875 0.559722 0.420833 0.365741
4 0.212240 0.024537 0.149479 0.049074
4 0.184115 0.587500 0.042188 0.047222