9 0.055469 0.464815 0.110937 0.116667
6 0.258333 0.244907 0.112500 0.082407
6 0.388542 0.356944 0.100000 0.345370
6 0.341146 0.518981 0.130208 0.152778
4 0.969792 0.420370 0.050000 0.048148
4 0.772396 0.768981 0.212500 0.252778
4 0.555990 0.405556 0.132812 0.166667
4 0.301823 0.351852 0.084896 0.164815
4 0.669010 0.272222 0.073438 0.077778
4 0.610417 0.263426 0.061458 0.082407
4 0.911458 0.354167 0.061458 0.056481
4 0.933333 0.393056 0.069792 0.063889
4 0.895312 0.400463 0.035417 0.043519
4 0.893750 0.131481 0.212500 0.235185
4 0.496094 0.358796 0.127604 0.223148
4 0.840365 0.356481 0.067187 0.061111
4 0.657813 0.449537 0.048958 0.058333
4 0.173437 0.478241 0.176042 0.187963
4 0.866146 0.305093 0.077083 0.069444
4 0.622396 0.376389 0.053125 0.062037
4 0.842708 0.444444 0.037500 0.040741
4 0.444271 0.568519 0.216667 0.616667
4 0.805469 0.562037 0.386979 0.250000
4 0.086719 0.044907 0.125521 0.086111
4 0.369792 0.199074 0.050000 0.129630
4 0.800521 0.439815 0.037500 0.048148
4 0.785937 0.350000 0.041667 0.046296
4 0.164323 0.210185 0.143229 0.316667
4 0.848437 0.413426 0.066667 0.054630
4 0.453385 0.148611 0.133854 0.100926
4 0.620833 0.322222 0.055208 0.051852
4 0.759115 0.828704 0.167187 0.300000
4 0.723437 0.365741 0.130208 0.144444