6 0.934896 0.636574 0.130208 0.162037
4 0.333594 0.356019 0.047396 0.037963
6 0.712760 0.224074 0.114062 0.070370
4 0.459115 0.445370 0.064062 0.038889
6 0.158594 0.301389 0.148438 0.119444
4 0.839063 0.429167 0.048958 0.043519
9 0.076302 0.925000 0.151562 0.146296
4 0.390885 0.460185 0.046354 0.053704
4 0.714844 0.418519 0.066146 0.042593
4 0.363542 0.316204 0.038542 0.043519
4 0.235677 0.381944 0.030729 0.032407
6 0.766667 0.692130 0.212500 0.149074
9 0.925000 0.744444 0.125000 0.146296
6 0.702344 0.621296 0.230729 0.242593
4 0.277083 0.535648 0.150000 0.126852
4 0.459115 0.380093 0.033854 0.047222
6 0.596615 0.502778 0.216146 0.266667
4 0.141927 0.474537 0.060937 0.104630
4 0.173177 0.397685 0.101562 0.069444
6 0.507552 0.726389 0.320312 0.265741
4 0.205469 0.469444 0.120313 0.129630
6 0.852604 0.568056 0.085417 0.117593
4 0.476302 0.500000 0.083854 0.083333
4 0.430469 0.471296 0.053646 0.072222
4 0.067187 0.486574 0.071875 0.073148
9 0.960677 0.537500 0.078646 0.043519
4 0.976823 0.486111 0.046354 0.046296
4 0.466406 0.057870 0.044271 0.056481
4 0.290885 0.456481 0.090104 0.114815