6 0.227865 0.449074 0.222396 0.274074
4 0.061458 0.872222 0.122917 0.162963
4 0.854167 0.480093 0.231250 0.137963
4 0.469792 0.709722 0.095833 0.147222
4 0.462240 0.808796 0.189062 0.145370
4 0.179688 0.693519 0.215625 0.283333
4 0.088021 0.795833 0.117708 0.137963
4 0.144792 0.525926 0.123958 0.150000
4 0.189844 0.077778 0.260937 0.155556
4 0.692969 0.833796 0.107813 0.332407
4 0.301042 0.563889 0.189583 0.242593
4 0.169792 0.825926 0.208333 0.150000
4 0.464062 0.929630 0.165625 0.138889
4 0.046094 0.745370 0.092188 0.168519
4 0.554167 0.732870 0.105208 0.250926
4 0.366667 0.538889 0.069792 0.100000
4 0.028906 0.507407 0.057813 0.112963
4 0.437240 0.531481 0.063021 0.168519
4 0.734375 0.520833 0.096875 0.069444
4 0.384896 0.525926 0.030208 0.088889
4 0.058594 0.643056 0.117188 0.189815
4 0.325260 0.675463 0.136979 0.380556
4 0.070052 0.580556 0.140104 0.137037
4 0.882292 0.182870 0.208333 0.187963
4 0.147917 0.458796 0.171875 0.249074
4 0.777865 0.431481 0.233854 0.188889
4 0.633333 0.364815 0.123958 0.190741
4 0.734115 0.281481 0.047396 0.075926