9 0.485156 0.590278 0.179688 0.165741
9 0.730469 0.496759 0.346354 0.360185
4 0.476823 0.761574 0.232813 0.202778
9 0.757812 0.418519 0.292708 0.209259
3 0.910156 0.744444 0.148438 0.159259
4 0.938281 0.567130 0.123438 0.254630
6 0.778125 0.582407 0.232292 0.175926
4 0.667708 0.743981 0.468750 0.363889
4 0.985938 0.839815 0.028125 0.087037
4 0.298177 0.624537 0.079687 0.160185
4 0.347656 0.412037 0.193229 0.259259
4 0.578125 0.437500 0.025000 0.069444
4 0.623958 0.325926 0.086458 0.129630
3 0.565625 0.924074 0.230208 0.146296