6 0.288281 0.849074 0.357812 0.301852
6 0.713542 0.356944 0.044792 0.076852
6 0.648438 0.877315 0.232292 0.197222
6 0.201823 0.670833 0.403646 0.376852
6 0.681510 0.483333 0.127604 0.188889
6 0.535417 0.802778 0.092708 0.196296
6 0.530990 0.408796 0.101562 0.313889
6 0.879427 0.565741 0.241146 0.372222
6 0.790625 0.409722 0.070833 0.134259
6 0.890885 0.947685 0.167187 0.104630
4 0.372917 0.524074 0.090625 0.105556
4 0.916667 0.116667 0.034375 0.048148
4 0.629687 0.581019 0.178125 0.232407
4 0.549740 0.338889 0.106771 0.283333
4 0.487500 0.534722 0.146875 0.284259
4 0.140104 0.093056 0.259375 0.186111
4 0.341927 0.201852 0.106771 0.175926
4 0.372917 0.076852 0.108333 0.153704