9 0.764844 0.748611 0.216146 0.180556
6 0.313542 0.520370 0.088542 0.324074
6 0.577344 0.731019 0.128646 0.187963
6 0.116667 0.309722 0.118750 0.102778
6 0.730469 0.536111 0.096354 0.127778
6 0.517969 0.531019 0.092188 0.162037
6 0.548438 0.680093 0.083333 0.141667
6 0.568490 0.527315 0.235937 0.213889
6 0.427344 0.761111 0.172396 0.127778
6 0.833073 0.480556 0.091146 0.074074
6 0.184115 0.693519 0.205729 0.231481
6 0.887760 0.654167 0.222396 0.173148
6 0.649219 0.577778 0.160938 0.150000
6 0.485938 0.731019 0.121875 0.104630
6 0.435417 0.647685 0.144792 0.195370
6 0.417708 0.572685 0.146875 0.237963
4 0.727083 0.974537 0.160417 0.050926
4 0.409115 0.356481 0.042188 0.033333
4 0.973958 0.774074 0.052083 0.070370
4 0.179167 0.454630 0.103125 0.079630
4 0.990365 0.550926 0.017188 0.040741
4 0.138542 0.401389 0.089583 0.056481
4 0.764583 0.405556 0.065625 0.040741
4 0.883073 0.417130 0.058854 0.043519
4 0.534115 0.375463 0.028646 0.034259
4 0.122396 0.529630 0.088542 0.085185
4 0.835156 0.561574 0.109896 0.047222
4 0.423438 0.314815 0.032292 0.033333
4 0.687240 0.456019 0.048438 0.041667
4 0.775260 0.445370 0.061979 0.038889
4 0.951042 0.585185 0.097917 0.061111
4 0.669792 0.206944 0.090625 0.062037