6 0.269271 0.577778 0.075000 0.162963
6 0.393490 0.257870 0.167187 0.149074
6 0.209896 0.484259 0.117708 0.285185
6 0.549740 0.406019 0.127604 0.373148
6 0.480729 0.046296 0.092708 0.092593
6 0.198958 0.349074 0.129167 0.124074
6 0.796615 0.533333 0.117188 0.109259
6 0.889583 0.235185 0.113542 0.090741
6 0.669792 0.290741 0.076042 0.116667
6 0.339844 0.258796 0.055729 0.150926
6 0.932292 0.341204 0.106250 0.112037
6 0.442969 0.516667 0.083854 0.164815
6 0.595313 0.537963 0.231250 0.187037
4 0.484635 0.141667 0.157812 0.144444
4 0.420833 0.899537 0.083333 0.199074
4 0.726562 0.668519 0.094792 0.172222
4 0.504167 0.694907 0.189583 0.163889
4 0.045312 0.412037 0.089583 0.111111
4 0.161198 0.906019 0.119271 0.186111
4 0.349740 0.418519 0.311979 0.205556
4 0.370312 0.900463 0.044792 0.193519
4 0.405208 0.418056 0.200000 0.356481
4 0.839063 0.485185 0.047917 0.150000
4 0.289062 0.969907 0.020833 0.058333
4 0.024219 0.518519 0.048438 0.087037
4 0.039844 0.456019 0.074479 0.056481
4 0.070573 0.565741 0.134896 0.125926
4 0.813542 0.360185 0.106250 0.118519
4 0.352344 0.544907 0.144271 0.125000
4 0.010417 0.360648 0.020833 0.041667