4 0.518750 0.520370 0.138542 0.218519
4 0.042448 0.142593 0.083854 0.244444
9 0.622656 0.499074 0.120313 0.118519
4 0.401562 0.334722 0.162500 0.130556
4 0.321094 0.197222 0.124479 0.172222
6 0.228125 0.264352 0.063542 0.213889
4 0.090104 0.459259 0.180208 0.185185
6 0.309896 0.612500 0.137500 0.176852
4 0.465885 0.395833 0.099479 0.193519
9 0.516667 0.785185 0.253125 0.159259
6 0.729427 0.308333 0.219271 0.224074
4 0.875260 0.476389 0.249479 0.297222
9 0.758854 0.946296 0.468750 0.101852
4 0.852344 0.671296 0.079687 0.122222
6 0.684375 0.704630 0.284375 0.285185