9 0.467187 0.390741 0.068750 0.070370
1 0.730990 0.197222 0.051562 0.061111
4 0.803906 0.068519 0.063021 0.072222
4 0.555208 0.391667 0.067708 0.048148
4 0.573438 0.118519 0.045833 0.046296
9 0.952344 0.238889 0.044271 0.059259
4 0.745573 0.110648 0.036979 0.047222
4 0.922917 0.175000 0.046875 0.061111
4 0.711719 0.337037 0.029687 0.048148
4 0.822135 0.325926 0.073438 0.062963
4 0.158854 0.196759 0.102083 0.080556
4 0.863802 0.284259 0.052604 0.048148
4 0.692708 0.433796 0.028125 0.045370
4 0.748698 0.360648 0.028646 0.089815
4 0.641406 0.300463 0.041146 0.054630
4 0.792969 0.273611 0.029687 0.036111
9 0.390625 0.452315 0.090625 0.078704
1 0.543490 0.238889 0.041146 0.059259
4 0.734896 0.227315 0.039583 0.025000
1 0.800781 0.414352 0.041146 0.041667