9 0.399219 0.348148 0.114062 0.087037
9 0.372396 0.966667 0.194792 0.066667
9 0.299740 0.209259 0.251563 0.281481
9 0.024219 0.781481 0.048438 0.098148
9 0.562500 0.922222 0.200000 0.144444
9 0.555990 0.236111 0.080729 0.068519
6 0.656510 0.280093 0.163021 0.241667
4 0.146615 0.673611 0.185938 0.337963
4 0.747135 0.107870 0.114062 0.099074
4 0.107813 0.109722 0.141667 0.178704
4 0.812240 0.721759 0.244271 0.173148
4 0.234896 0.490278 0.096875 0.173148
4 0.951042 0.234259 0.097917 0.207407
4 0.032292 0.647222 0.063542 0.212963
4 0.934896 0.450463 0.127083 0.217593
4 0.502865 0.595370 0.150521 0.238889
4 0.507292 0.747222 0.218750 0.270370
4 0.855208 0.598148 0.156250 0.138889
4 0.835417 0.395370 0.196875 0.298148
4 0.481250 0.381944 0.096875 0.100926
4 0.152865 0.340741 0.121354 0.231481
4 0.509635 0.493981 0.121354 0.184259
4 0.872135 0.875926 0.255729 0.233333
4 0.064844 0.404630 0.129688 0.140741
4 0.652344 0.514815 0.181771 0.175926
4 0.342969 0.469907 0.244271 0.289815
4 0.685417 0.433796 0.103125 0.286111
4 0.029167 0.058796 0.058333 0.113889
4 0.437760 0.106944 0.148438 0.195370
4 0.523438 0.398611 0.073958 0.145370
4 0.783594 0.400926 0.213021 0.320370