9 0.857292 0.683796 0.225000 0.200926
9 0.262240 0.315741 0.059896 0.077778
9 0.523958 0.580093 0.267708 0.356481
9 0.204687 0.364352 0.048958 0.102778
9 0.139844 0.802778 0.145313 0.196296
6 0.416146 0.788426 0.122917 0.230556
6 0.736719 0.518981 0.214062 0.176852
6 0.794010 0.700000 0.150521 0.209259
6 0.809115 0.897685 0.211979 0.204630
6 0.892969 0.912500 0.054688 0.143519
6 0.272135 0.425926 0.068229 0.096296
6 0.812240 0.261111 0.133854 0.131481
6 0.933073 0.353241 0.133854 0.189815
6 0.633073 0.324537 0.070312 0.202778
4 0.208333 0.661574 0.025000 0.069444
4 0.668490 0.645370 0.117188 0.168519
4 0.982292 0.482407 0.035417 0.074074
4 0.896615 0.473148 0.034896 0.050000
4 0.329688 0.394907 0.023958 0.037963
4 0.149219 0.406944 0.021354 0.036111
4 0.448437 0.353241 0.025000 0.056481
4 0.802865 0.193519 0.055729 0.114815
4 0.499219 0.336574 0.039062 0.069444
4 0.764583 0.427778 0.035417 0.035185
4 0.640365 0.322685 0.148438 0.171296
4 0.166667 0.412963 0.017708 0.037037
4 0.779167 0.318519 0.081250 0.074074
4 0.523958 0.677778 0.098958 0.127778
4 0.859115 0.517593 0.046354 0.098148
4 0.952865 0.560648 0.065104 0.093519
4 0.967448 0.599537 0.065104 0.156481
4 0.354167 0.368056 0.034375 0.039815
4 0.507292 0.385185 0.038542 0.064815
4 0.487500 0.477778 0.037500 0.044444
4 0.614323 0.782407 0.197396 0.211111
4 0.351042 0.400926 0.032292 0.042593
4 0.530990 0.330556 0.041146 0.081481
4 0.202344 0.236574 0.045312 0.045370
4 0.380469 0.381944 0.026562 0.050926
4 0.931510 0.495370 0.110937 0.144444
4 0.469792 0.384722 0.039583 0.069444
4 0.477865 0.322222 0.035937 0.068519
4 0.163021 0.387037 0.017708 0.031481
4 0.474740 0.450000 0.051562 0.046296
4 0.579167 0.723148 0.069792 0.066667
4 0.676562 0.454167 0.035417 0.056481
4 0.698698 0.411111 0.044271 0.055556
4 0.450521 0.647222 0.079167 0.133333