9 0.864844 0.402315 0.152604 0.117593
9 0.202344 0.527315 0.080729 0.075000
6 0.608594 0.516667 0.110937 0.183333
6 0.071615 0.356481 0.090104 0.111111
6 0.789583 0.314352 0.158333 0.137963
6 0.371615 0.320370 0.128646 0.309259
6 0.495312 0.260648 0.094792 0.112037
6 0.294010 0.537037 0.201563 0.225926
6 0.202865 0.293519 0.117188 0.316667
6 0.023177 0.409259 0.046354 0.261111
6 0.465885 0.490741 0.103646 0.275926
6 0.109115 0.096296 0.216146 0.192593
4 0.061458 0.129167 0.121875 0.195370
4 0.405990 0.236111 0.099479 0.394444
4 0.555469 0.358796 0.080729 0.078704
4 0.583594 0.556019 0.049479 0.147222
4 0.565365 0.254167 0.080729 0.108333
4 0.012240 0.289815 0.024479 0.101852
4 0.639583 0.344907 0.086458 0.143519
4 0.303385 0.303241 0.131771 0.356481
4 0.152083 0.381019 0.083333 0.115741