6 0.758333 0.924074 0.245833 0.150000
6 0.418490 0.715278 0.141146 0.158333
6 0.482292 0.620370 0.111458 0.233333
6 0.104688 0.787500 0.204167 0.128704
6 0.617969 0.649537 0.049479 0.121296
6 0.185156 0.868981 0.163021 0.154630
6 0.858073 0.626389 0.155729 0.125000
5 0.593490 0.537500 0.118229 0.125000
4 0.506510 0.450000 0.038021 0.077778
4 0.715104 0.585185 0.058333 0.059259
4 0.397396 0.741204 0.097917 0.106481
4 0.816667 0.389815 0.035417 0.053704
4 0.548438 0.544907 0.113542 0.128704
4 0.905469 0.529167 0.035937 0.071296
4 0.700260 0.630556 0.041146 0.066667
4 0.501042 0.829167 0.093750 0.206481
4 0.384115 0.522222 0.029687 0.094444
4 0.577865 0.658333 0.070312 0.183333
4 0.794010 0.538426 0.072396 0.099074
4 0.148438 0.637500 0.076042 0.052778
4 0.711719 0.409259 0.101562 0.077778
4 0.411719 0.764352 0.098437 0.106481
4 0.580469 0.606481 0.073438 0.246296
4 0.320573 0.575926 0.030729 0.042593
4 0.438542 0.829630 0.034375 0.038889