4 0.886458 0.407407 0.051042 0.057407
6 0.959896 0.418056 0.080208 0.125000
6 0.893750 0.116204 0.212500 0.217593
6 0.238281 0.668519 0.101562 0.144444
4 0.683854 0.081481 0.069792 0.057407
4 0.058594 0.177315 0.090104 0.065741
4 0.046354 0.612963 0.090625 0.111111
4 0.458333 0.014352 0.040625 0.025000
6 0.794792 0.612963 0.302083 0.268519
9 0.670052 0.489815 0.098437 0.181481
4 0.252083 0.518056 0.138542 0.104630
4 0.816927 0.334259 0.117188 0.118519
6 0.402865 0.460648 0.119271 0.132407
4 0.240365 0.174074 0.075521 0.066667
6 0.097917 0.317130 0.192708 0.243519
4 0.325260 0.429167 0.060937 0.060185
4 0.530990 0.567593 0.214062 0.396296
4 0.493229 0.386574 0.112500 0.089815
9 0.741927 0.296296 0.100521 0.077778
6 0.363281 0.743981 0.400521 0.500926
4 0.194010 0.110648 0.088021 0.086111
9 0.778646 0.460185 0.107292 0.103704
4 0.563281 0.153241 0.074479 0.086111
4 0.507292 0.299537 0.079167 0.089815
4 0.968490 0.515278 0.063021 0.139815
4 0.851562 0.447222 0.038542 0.092593
4 0.389844 0.399074 0.099479 0.083333
4 0.405729 0.303704 0.106250 0.088889
9 0.124740 0.877778 0.143229 0.244444
4 0.638802 0.397222 0.172396 0.450000