6 0.723958 0.694444 0.106250 0.085185
6 0.840365 0.654630 0.126562 0.101852
6 0.398698 0.427778 0.068229 0.068519
6 0.912240 0.151389 0.173437 0.163889
6 0.114583 0.475463 0.109375 0.071296
6 0.142187 0.222685 0.179167 0.099074
6 0.677865 0.200463 0.084896 0.065741
6 0.452344 0.321296 0.100521 0.090741
6 0.271875 0.527778 0.081250 0.048148
6 0.467708 0.546296 0.362500 0.500000
6 0.662240 0.384259 0.116146 0.138889
6 0.476562 0.417130 0.103125 0.097222
6 0.917969 0.230556 0.118229 0.146296
6 0.969792 0.787037 0.060417 0.140741
6 0.858594 0.751389 0.153646 0.130556
6 0.288021 0.471759 0.094792 0.087963
6 0.753125 0.265741 0.103125 0.207407
6 0.211198 0.347685 0.075521 0.060185
6 0.104167 0.563889 0.139583 0.100000
6 0.618490 0.568981 0.168229 0.245370
6 0.922917 0.395833 0.123958 0.175000
4 0.909375 0.557870 0.181250 0.217593
4 0.808594 0.430093 0.078646 0.117593
4 0.827865 0.534259 0.047396 0.096296
4 0.712240 0.586574 0.080729 0.147222
4 0.689844 0.298611 0.082812 0.163889
4 0.535937 0.350000 0.048958 0.050000
4 0.659115 0.270833 0.100521 0.121296
4 0.482292 0.284722 0.052083 0.034259
4 0.474219 0.173148 0.228646 0.257407
4 0.425260 0.075000 0.071354 0.068519
4 0.670833 0.169907 0.089583 0.049074