6 0.429167 0.659259 0.134375 0.148148
6 0.128646 0.487037 0.256250 0.283333
6 0.884375 0.226389 0.136458 0.095370
4 0.422396 0.506481 0.100000 0.131481
4 0.512240 0.602315 0.131771 0.241667
4 0.532813 0.412963 0.122917 0.231481
4 0.486458 0.646296 0.100000 0.122222
4 0.389062 0.653241 0.084375 0.091667
4 0.334635 0.697222 0.077604 0.094444
4 0.579167 0.599074 0.061458 0.270370
4 0.821615 0.435648 0.214062 0.215741
4 0.720573 0.630556 0.274479 0.207407
4 0.287240 0.404167 0.064062 0.073148
4 0.852344 0.531481 0.082812 0.146296
4 0.404687 0.379630 0.121875 0.151852
4 0.326042 0.521759 0.196875 0.141667
4 0.594271 0.451389 0.056250 0.150926
4 0.666667 0.462963 0.109375 0.250000
4 0.656771 0.352315 0.081250 0.104630