6 0.790365 0.576852 0.418229 0.788889
4 0.594531 0.157407 0.127604 0.146296
6 0.215365 0.230093 0.422396 0.454630
6 0.748437 0.914352 0.196875 0.169444
4 0.419010 0.669907 0.399479 0.471296
4 0.624219 0.034722 0.150521 0.065741
6 0.253385 0.382870 0.163021 0.378704
4 0.396354 0.916667 0.123958 0.164815
6 0.123958 0.678241 0.134375 0.173148
6 0.627344 0.036111 0.164062 0.072222
4 0.415365 0.531019 0.256771 0.186111
4 0.498177 0.089815 0.094271 0.088889
4 0.435937 0.286111 0.114583 0.096296
4 0.775781 0.045833 0.047396 0.091667
4 0.089583 0.496759 0.151042 0.112037