4 0.538281 0.513889 0.052604 0.172222
4 0.074740 0.543056 0.149479 0.297222
4 0.322135 0.627315 0.192188 0.210185
4 0.511198 0.662500 0.124479 0.132407
4 0.585417 0.417130 0.120833 0.119444
4 0.553646 0.387037 0.085417 0.183333
4 0.715104 0.777778 0.358333 0.438889
4 0.436979 0.502315 0.217708 0.256481
4 0.641146 0.593519 0.085417 0.150000
4 0.044271 0.855093 0.088542 0.219444
4 0.739583 0.389352 0.186458 0.521296
4 0.308594 0.291204 0.124479 0.143519
4 0.561198 0.246296 0.152604 0.148148
4 0.471615 0.390741 0.086979 0.127778
4 0.865885 0.687500 0.161979 0.195370