4 0.527604 0.771296 0.132292 0.214815
4 0.957812 0.895370 0.061458 0.205556
4 0.826562 0.612037 0.156250 0.122222
4 0.733854 0.738426 0.123958 0.195370
6 0.302344 0.591204 0.224479 0.528704
4 0.930469 0.712500 0.139063 0.215741
9 0.101823 0.629630 0.201563 0.237037
4 0.472656 0.525000 0.235937 0.457407
4 0.343490 0.738426 0.064062 0.132407
9 0.748437 0.464352 0.320833 0.262037
4 0.076563 0.121296 0.151042 0.209259
4 0.670833 0.314352 0.102083 0.115741
4 0.175521 0.752778 0.086458 0.177778
4 0.043229 0.576389 0.084375 0.100926
4 0.417187 0.802315 0.128125 0.119444
4 0.863802 0.534722 0.036979 0.095370
4 0.664062 0.783796 0.043750 0.108333