9 0.915365 0.461111 0.123438 0.187037
9 0.202865 0.220833 0.160938 0.126852
9 0.745313 0.518519 0.193750 0.233333
9 0.867188 0.224537 0.184375 0.117593
9 0.926042 0.096296 0.146875 0.190741
9 0.600260 0.333796 0.233854 0.204630
9 0.951562 0.321296 0.055208 0.068519
6 0.621615 0.402315 0.139063 0.378704
4 0.515365 0.103241 0.024479 0.043519
4 0.327344 0.181019 0.032813 0.034259
4 0.406510 0.102315 0.113021 0.200926
4 0.616667 0.151389 0.040625 0.037963
4 0.722917 0.394907 0.105208 0.097222
4 0.493490 0.524537 0.116146 0.180556
4 0.823698 0.421759 0.053646 0.173148
4 0.676042 0.387500 0.058333 0.106481
4 0.536719 0.496296 0.034896 0.122222
4 0.317188 0.365741 0.082292 0.081481