4 0.206510 0.679167 0.174479 0.186111
6 0.834896 0.441204 0.158333 0.097222
6 0.826562 0.637500 0.161458 0.265741
6 0.753906 0.711574 0.115104 0.180556
4 0.283594 0.634259 0.041146 0.166667
9 0.309375 0.160648 0.128125 0.089815
9 0.474479 0.665741 0.161458 0.177778
9 0.463281 0.738889 0.107813 0.074074
4 0.056250 0.146759 0.112500 0.252778
6 0.654948 0.465278 0.209896 0.293519
6 0.738021 0.637037 0.129167 0.298148
5 0.472396 0.412037 0.172917 0.133333
4 0.556771 0.573611 0.201042 0.234259
4 0.981771 0.634722 0.036458 0.099074
4 0.871094 0.537037 0.099479 0.059259