6 0.727865 0.489352 0.133854 0.080556
9 0.285156 0.622222 0.072396 0.164815
4 0.519271 0.457407 0.065625 0.081481
6 0.304948 0.450926 0.148438 0.390741
9 0.054948 0.621296 0.107813 0.140741
9 0.216927 0.655093 0.066146 0.165741
9 0.134115 0.580093 0.048438 0.102778
6 0.608333 0.652778 0.119792 0.131481
6 0.341927 0.254630 0.042188 0.107407
4 0.101302 0.371759 0.105729 0.115741
6 0.210938 0.197222 0.063542 0.138889
4 0.423698 0.442130 0.069271 0.139815
6 0.269271 0.134259 0.088542 0.122222
6 0.584115 0.771759 0.086979 0.178704
9 0.463021 0.564352 0.053125 0.104630
4 0.168750 0.462500 0.144792 0.210185
4 0.014583 0.396759 0.029167 0.065741
9 0.033594 0.800463 0.055729 0.154630