6 0.895573 0.689815 0.208854 0.287037
4 0.798438 0.129167 0.082292 0.075000
6 0.115365 0.757870 0.096354 0.256481
6 0.338021 0.723148 0.209375 0.257407
6 0.659375 0.536111 0.285417 0.207407
6 0.389583 0.349074 0.118750 0.131481
6 0.336719 0.432870 0.110937 0.119444
9 0.389844 0.347685 0.119271 0.132407
4 0.041406 0.880556 0.082812 0.168519
4 0.641927 0.724537 0.086979 0.228704
6 0.660417 0.368056 0.217708 0.291667
6 0.372135 0.557407 0.210938 0.212963
6 0.906771 0.334722 0.186458 0.175000
6 0.678906 0.252778 0.316146 0.305556
6 0.222396 0.408333 0.048958 0.062963
4 0.115365 0.758333 0.096354 0.261111
6 0.848958 0.486574 0.302083 0.223148
6 0.894531 0.189352 0.161979 0.289815
6 0.497396 0.429167 0.125000 0.278704