9 0.618490 0.433796 0.094271 0.091667
9 0.670573 0.568981 0.073438 0.130556
9 0.751042 0.650926 0.164583 0.109259
9 0.560417 0.387963 0.069792 0.072222
9 0.777083 0.562500 0.152083 0.095370
9 0.706250 0.851389 0.233333 0.130556
9 0.482292 0.525926 0.115625 0.098148
9 0.613542 0.710648 0.196875 0.134259
9 0.405469 0.574537 0.104688 0.089815
6 0.415365 0.754630 0.141146 0.231481
6 0.114062 0.918056 0.132292 0.152778
6 0.729167 0.243519 0.098958 0.100000
6 0.093490 0.886111 0.157812 0.166667
6 0.576042 0.586111 0.078125 0.207407
6 0.159115 0.633333 0.273438 0.318519
4 0.282031 0.293981 0.032813 0.049074
4 0.669271 0.481944 0.056250 0.069444
4 0.353125 0.549537 0.143750 0.213889
4 0.959115 0.517130 0.076563 0.126852
4 0.097656 0.730093 0.195312 0.215741
4 0.490365 0.383796 0.041146 0.067593
4 0.465365 0.430556 0.046354 0.068519
4 0.542969 0.553241 0.105729 0.056481
4 0.178646 0.459259 0.119792 0.098148
4 0.439844 0.516204 0.065104 0.082407
4 0.724479 0.365278 0.069792 0.078704
4 0.219792 0.585185 0.126042 0.131481
4 0.152083 0.576389 0.160417 0.143519
4 0.663021 0.325463 0.118750 0.089815
4 0.578906 0.483333 0.097396 0.100000