6 0.159375 0.427778 0.138542 0.125926
6 0.359115 0.361574 0.067187 0.104630
4 0.361979 0.506481 0.075000 0.216667
4 0.594271 0.562037 0.051042 0.137037
4 0.887760 0.351389 0.145313 0.104630
4 0.454688 0.588889 0.059375 0.103704
4 0.249219 0.575463 0.120313 0.145370
4 0.284115 0.478704 0.101562 0.103704
4 0.278385 0.540278 0.065104 0.084259
4 0.233594 0.616204 0.032813 0.137963
4 0.530469 0.458333 0.055729 0.081481
4 0.401562 0.499537 0.065625 0.349074
4 0.515365 0.537500 0.054688 0.110185
4 0.176042 0.629630 0.038542 0.127778