4 0.212500 0.429630 0.150000 0.175926
4 0.372656 0.648611 0.150521 0.176852
4 0.540625 0.650000 0.156250 0.172222
4 0.614062 0.181019 0.055208 0.071296
4 0.653125 0.550000 0.081250 0.246296
9 0.324479 0.421296 0.085417 0.168519
4 0.451302 0.518519 0.095312 0.198148
4 0.582812 0.557870 0.093750 0.297222
9 0.149219 0.299074 0.095312 0.059259
4 0.472917 0.400926 0.102083 0.092593
4 0.044792 0.084722 0.089583 0.165741
9 0.952344 0.772685 0.094271 0.437963
4 0.687760 0.525000 0.148438 0.303704
9 0.819792 0.143981 0.190625 0.167593
4 0.760677 0.209259 0.130729 0.107407
4 0.252083 0.761574 0.252083 0.184259
4 0.977604 0.448148 0.043750 0.137037
6 0.788281 0.642130 0.305729 0.325000
4 0.526302 0.193519 0.079687 0.068519
4 0.855729 0.393519 0.234375 0.401852
4 0.513542 0.324537 0.063542 0.069444
4 0.556510 0.407870 0.060937 0.093519
4 0.459635 0.493981 0.098437 0.167593