6 0.501563 0.560185 0.225000 0.411111
4 0.969792 0.246759 0.059375 0.134259
4 0.935417 0.388889 0.129167 0.138889
4 0.067708 0.575926 0.135417 0.185185
4 0.382292 0.417593 0.175000 0.151852
4 0.224219 0.621759 0.153646 0.149074
4 0.302344 0.604167 0.205729 0.162037
4 0.151042 0.169444 0.222917 0.166667
4 0.742708 0.701389 0.186458 0.184259
4 0.935417 0.555093 0.128125 0.221296
4 0.155729 0.566667 0.117708 0.150000
4 0.605469 0.416667 0.136979 0.218519
4 0.678646 0.550463 0.106250 0.139815
4 0.210417 0.493056 0.114583 0.136111
4 0.857812 0.418056 0.078125 0.106481
4 0.920312 0.252778 0.066667 0.159259
4 0.422135 0.243519 0.040104 0.061111
4 0.914844 0.828704 0.170313 0.251852
4 0.254167 0.349537 0.060417 0.132407
4 0.971615 0.382407 0.055729 0.098148
4 0.800260 0.303241 0.157812 0.136111
4 0.821615 0.561111 0.217188 0.203704
4 0.510938 0.045833 0.177083 0.091667
4 0.610417 0.508796 0.080208 0.132407
4 0.025000 0.136574 0.050000 0.080556
4 0.609896 0.297222 0.062500 0.118519
4 0.468490 0.221296 0.107813 0.072222
4 0.085417 0.424537 0.111458 0.104630
4 0.443490 0.766204 0.151562 0.202778
4 0.439583 0.321296 0.040625 0.098148
4 0.692187 0.308796 0.095833 0.221296
4 0.502344 0.325463 0.104688 0.180556
4 0.714063 0.400463 0.148958 0.163889
4 0.124740 0.579167 0.069271 0.082407
4 0.296094 0.299074 0.096354 0.111111
4 0.503906 0.683333 0.219271 0.272222
4 0.408333 0.410648 0.251042 0.258333
4 0.632812 0.895370 0.348958 0.209259