6 0.482292 0.770833 0.183333 0.300926
6 0.402344 0.854630 0.132812 0.161111
6 0.710156 0.706481 0.172396 0.105556
9 0.720052 0.635648 0.044271 0.050926
4 0.899219 0.457407 0.070312 0.105556
6 0.555469 0.626389 0.086979 0.089815
4 0.479167 0.962963 0.046875 0.072222
4 0.412500 0.559722 0.096875 0.106481
9 0.354687 0.809722 0.163542 0.173148
4 0.587240 0.506019 0.077604 0.060185
4 0.320573 0.573611 0.026562 0.036111
4 0.363021 0.496296 0.054167 0.055556
9 0.939063 0.611111 0.041667 0.062963
6 0.202344 0.930093 0.269271 0.137963