6 0.326562 0.449537 0.144792 0.095370
6 0.147917 0.629630 0.153125 0.144444
6 0.785417 0.366667 0.118750 0.092593
6 0.432031 0.506019 0.115104 0.080556
6 0.048438 0.760185 0.096875 0.085185
6 0.254427 0.566667 0.059896 0.129630
6 0.890885 0.562037 0.146354 0.096296
6 0.498698 0.310648 0.096354 0.075000
9 0.617708 0.529630 0.256250 0.335185
9 0.402344 0.657407 0.216146 0.150000
4 0.733854 0.737963 0.532292 0.392593
6 0.227344 0.673611 0.095312 0.089815
4 0.559635 0.408333 0.082812 0.068519
6 0.042708 0.827778 0.085417 0.094444