9 0.834635 0.694907 0.117188 0.163889
6 0.665885 0.215741 0.138021 0.148148
6 0.869531 0.794444 0.108854 0.161111
6 0.071354 0.599074 0.134375 0.101852
6 0.686719 0.465278 0.448437 0.280556
6 0.536719 0.725000 0.327604 0.338889
6 0.652344 0.868519 0.199479 0.261111
6 0.851042 0.296759 0.164583 0.099074
6 0.385937 0.448611 0.461458 0.323148
6 0.527865 0.277315 0.171354 0.119444
6 0.087240 0.379630 0.159896 0.255556
6 0.152344 0.886111 0.242188 0.227778
6 0.821875 0.159722 0.225000 0.137963
6 0.430990 0.825926 0.367188 0.305556
4 0.772396 0.040278 0.201042 0.080556