4 0.255729 0.433796 0.041667 0.195370
4 0.355729 0.436574 0.194792 0.278704
4 0.527604 0.312963 0.056250 0.137037
4 0.283854 0.041667 0.167708 0.083333
4 0.583333 0.067130 0.041667 0.128704
4 0.038802 0.474074 0.057813 0.162963
4 0.700521 0.429167 0.036458 0.132407
4 0.087760 0.295370 0.160938 0.183333
4 0.016406 0.100000 0.031771 0.059259
4 0.263802 0.303704 0.032813 0.074074
4 0.158854 0.345833 0.098958 0.095370
4 0.485417 0.236574 0.089583 0.093519
4 0.190365 0.511111 0.075521 0.237037
4 0.374479 0.167130 0.052083 0.073148
4 0.026042 0.547685 0.050000 0.128704
4 0.296094 0.306944 0.036979 0.123148
4 0.259375 0.187500 0.078125 0.125000
4 0.281510 0.094444 0.107813 0.087037
4 0.320573 0.314352 0.085938 0.130556
4 0.914062 0.495833 0.171875 0.175000
4 0.599479 0.375926 0.042708 0.116667
4 0.141927 0.418056 0.082812 0.158333
9 0.430469 0.434722 0.078646 0.213889