9 0.798438 0.470370 0.080208 0.070370
9 0.272135 0.631481 0.061979 0.144444
9 0.769271 0.537500 0.058333 0.086111
6 0.574740 0.366204 0.267188 0.350926
6 0.423958 0.508333 0.231250 0.211111
6 0.758073 0.337500 0.065104 0.071296
6 0.516146 0.827315 0.312500 0.312037
6 0.917188 0.554630 0.060417 0.055556
6 0.801042 0.652778 0.180208 0.120370
6 0.181510 0.532870 0.190104 0.176852
6 0.358073 0.579167 0.093229 0.195370
6 0.670312 0.383796 0.050000 0.063889
6 0.476042 0.706019 0.200000 0.154630
6 0.394010 0.339352 0.165104 0.119444
6 0.601562 0.645370 0.148958 0.185185
6 0.370833 0.890278 0.109375 0.219444
6 0.764062 0.135185 0.059375 0.059259
4 0.454167 0.692130 0.210417 0.160185
4 0.619792 0.507870 0.101042 0.099074
4 0.381771 0.117593 0.050000 0.061111
4 0.847917 0.431944 0.039583 0.084259
4 0.526563 0.527315 0.088542 0.184259
4 0.676042 0.451389 0.097917 0.086111
4 0.842448 0.280556 0.052604 0.066667