4 0.463802 0.213889 0.059896 0.070370
5 0.737500 0.550926 0.096875 0.401852
9 0.458073 0.601852 0.316146 0.185185
4 0.686719 0.510648 0.106771 0.110185
4 0.332813 0.345833 0.039583 0.093519
4 0.605208 0.347685 0.117708 0.119444
4 0.264062 0.487037 0.072917 0.144444
4 0.770052 0.064352 0.089063 0.078704
4 0.479687 0.106481 0.053125 0.087037
4 0.367448 0.184259 0.091146 0.085185
4 0.727865 0.137500 0.071354 0.071296
4 0.631510 0.588889 0.145313 0.316667
4 0.067448 0.460648 0.132812 0.130556
4 0.605729 0.281019 0.032292 0.050926
4 0.844010 0.476389 0.158854 0.121296
4 0.060677 0.177315 0.084896 0.067593
4 0.635677 0.315278 0.044271 0.049074