6 0.424740 0.500926 0.344271 0.457407
4 0.733333 0.491204 0.203125 0.213889
4 0.142448 0.875926 0.143229 0.244444
4 0.719010 0.900000 0.084896 0.112963
4 0.136719 0.589815 0.168229 0.148148
4 0.409115 0.794907 0.058854 0.099074
4 0.376042 0.563426 0.316667 0.395370
4 0.034896 0.531019 0.064583 0.106481
4 0.451562 0.211574 0.151042 0.132407
4 0.482031 0.772685 0.140104 0.134259
4 0.119792 0.703704 0.237500 0.179630
4 0.612760 0.511574 0.085938 0.149074
4 0.681771 0.733333 0.086458 0.135185
4 0.029948 0.928704 0.059896 0.142593
4 0.293229 0.796759 0.212500 0.200926
4 0.346094 0.917130 0.243229 0.154630
4 0.079687 0.919444 0.117708 0.159259
4 0.620833 0.671759 0.073958 0.173148
4 0.411719 0.422685 0.201563 0.217593
4 0.034896 0.871296 0.067708 0.142593
4 0.133333 0.332407 0.242708 0.300000
4 0.697917 0.664815 0.129167 0.112963
4 0.530990 0.703704 0.131771 0.183333
4 0.017448 0.646296 0.034896 0.107407
4 0.082292 0.560648 0.086458 0.130556