8 0.942708 0.498611 0.106250 0.141667
6 0.917969 0.063426 0.157812 0.126852
6 0.791406 0.349074 0.205729 0.133333
6 0.537760 0.451389 0.129688 0.175000
6 0.637240 0.513426 0.048438 0.100926
6 0.642188 0.608333 0.161458 0.101852
6 0.629167 0.028704 0.064583 0.057407
6 0.597917 0.160185 0.093750 0.177778
6 0.467708 0.461574 0.153125 0.206481
6 0.540365 0.310185 0.056771 0.142593
6 0.613021 0.239352 0.087500 0.125000
6 0.316146 0.160648 0.045833 0.134259
6 0.439583 0.414815 0.046875 0.155556
6 0.748698 0.088889 0.103646 0.150000
6 0.328646 0.514352 0.130208 0.089815
6 0.489063 0.204167 0.110417 0.137963
6 0.697917 0.462037 0.089583 0.092593
6 0.601042 0.319444 0.053125 0.157407
6 0.961719 0.240278 0.075521 0.125000
6 0.707292 0.372222 0.092708 0.111111
6 0.076042 0.432870 0.152083 0.332407
6 0.723437 0.265741 0.145833 0.116667
6 0.314583 0.295833 0.040625 0.123148
4 0.362240 0.326852 0.049479 0.129630
4 0.815365 0.522685 0.047396 0.080556
4 0.648438 0.581019 0.106250 0.065741
4 0.210938 0.404167 0.029167 0.067593
4 0.677865 0.700926 0.038021 0.088889
4 0.345313 0.431019 0.145833 0.132407
4 0.509375 0.707870 0.303125 0.236111
4 0.179167 0.419444 0.029167 0.057407
4 0.423958 0.620370 0.138542 0.168519
4 0.632812 0.635185 0.094792 0.075926
4 0.577865 0.520833 0.039062 0.071296
4 0.767188 0.517130 0.109375 0.099074
4 0.336719 0.527778 0.057813 0.324074
4 0.173437 0.493519 0.055208 0.085185
4 0.679688 0.323611 0.126042 0.119444
4 0.765365 0.581944 0.095312 0.102778
4 0.726562 0.206019 0.022917 0.052778
4 0.443490 0.043519 0.020313 0.066667
4 0.564063 0.363426 0.063542 0.095370
4 0.264844 0.395833 0.018229 0.060185