9 0.580990 0.642593 0.160938 0.114815
9 0.725260 0.852315 0.229687 0.173148
6 0.587240 0.371296 0.195312 0.390741
4 0.110417 0.395370 0.028125 0.050000
4 0.213542 0.430556 0.044792 0.048148
4 0.964844 0.666204 0.070312 0.117593
4 0.854167 0.641204 0.144792 0.121296
4 0.252865 0.536111 0.104688 0.148148
4 0.631510 0.545370 0.031771 0.118519
4 0.784896 0.302778 0.027083 0.048148
4 0.051042 0.367593 0.035417 0.051852
4 0.701562 0.568056 0.077083 0.221296
4 0.492448 0.487500 0.038021 0.117593
4 0.083594 0.443519 0.043229 0.035185
4 0.195833 0.422222 0.056250 0.070370