9 0.590365 0.691204 0.170313 0.206481
9 0.170573 0.315741 0.109896 0.170370
6 0.595313 0.414352 0.126042 0.243519
6 0.255469 0.162500 0.124479 0.267593
6 0.496615 0.370370 0.134896 0.594444
6 0.798438 0.564352 0.189583 0.254630
6 0.335938 0.291204 0.279167 0.310185
6 0.280208 0.468981 0.187500 0.208333
4 0.116667 0.015741 0.048958 0.031481
4 0.117448 0.777778 0.234896 0.181481
4 0.704167 0.345370 0.103125 0.120370
4 0.899479 0.520833 0.150000 0.139815
4 0.479167 0.881019 0.291667 0.237963
4 0.014844 0.208333 0.029687 0.081481
4 0.957812 0.631019 0.083333 0.167593
4 0.627865 0.404167 0.143229 0.278704
4 0.905990 0.362500 0.185938 0.189815
4 0.629948 0.557870 0.065104 0.086111
4 0.374740 0.463889 0.108854 0.212963
4 0.023698 0.682870 0.047396 0.147222
4 0.074219 0.473148 0.147396 0.207407
4 0.788542 0.396296 0.058333 0.075926
4 0.198177 0.571296 0.167187 0.311111
4 0.891667 0.740278 0.193750 0.256481
4 0.054167 0.875000 0.108333 0.201852
4 0.630990 0.118056 0.116146 0.106481
4 0.099740 0.658333 0.056771 0.125926
4 0.398438 0.616204 0.291667 0.215741
4 0.551042 0.238889 0.037500 0.075926
4 0.905990 0.256481 0.068229 0.064815
4 0.756510 0.200463 0.120313 0.215741
4 0.679427 0.195833 0.123438 0.206481