9 0.194792 0.489352 0.229167 0.386111
4 0.300521 0.667593 0.403125 0.303704
4 0.102865 0.927315 0.203646 0.145370
9 0.584896 0.343981 0.169792 0.221296
4 0.017969 0.642130 0.035937 0.117593
4 0.866667 0.496759 0.085417 0.097222
4 0.809375 0.710648 0.278125 0.210185
4 0.884375 0.607407 0.120833 0.135185
4 0.310156 0.358796 0.088021 0.093519
4 0.052865 0.775926 0.103646 0.196296
9 0.761458 0.430093 0.118750 0.234259
4 0.751563 0.582407 0.187500 0.185185
4 0.337500 0.480093 0.087500 0.080556
9 0.071094 0.388426 0.140104 0.236111
4 0.419531 0.139815 0.213021 0.161111
9 0.277083 0.578704 0.217708 0.114815
5 0.460156 0.526389 0.290104 0.428704
4 0.510156 0.486111 0.203646 0.218519
4 0.192188 0.818519 0.144792 0.190741