9 0.329688 0.589352 0.125000 0.115741
9 0.241146 0.655093 0.166667 0.108333
9 0.405208 0.640741 0.171875 0.218519
9 0.210417 0.475926 0.159375 0.092593
6 0.242188 0.385185 0.098958 0.100000
6 0.786719 0.551852 0.169271 0.183333
6 0.603646 0.455093 0.217708 0.482407
4 0.497135 0.485185 0.094271 0.261111
4 0.112760 0.555556 0.122396 0.101852
4 0.864844 0.431019 0.035937 0.076852
4 0.450000 0.705093 0.048958 0.121296
4 0.033333 0.757870 0.066667 0.065741
4 0.015365 0.516667 0.030729 0.044444
4 0.434896 0.485185 0.091667 0.237037
4 0.575260 0.107407 0.094271 0.081481
4 0.578646 0.318519 0.035417 0.124074
4 0.108333 0.226852 0.087500 0.094444
4 0.203646 0.525463 0.117708 0.082407
4 0.233594 0.594444 0.098437 0.100000
4 0.742188 0.406019 0.060417 0.071296
4 0.561458 0.336111 0.042708 0.150000
4 0.394010 0.329167 0.061979 0.058333
4 0.024740 0.033333 0.049479 0.066667