4 0.863542 0.370833 0.039583 0.041667
4 0.696354 0.457407 0.112500 0.096296
4 0.691667 0.115741 0.021875 0.046296
6 0.577865 0.543056 0.189062 0.358333
6 0.251563 0.437963 0.089583 0.070370
4 0.417448 0.326852 0.036979 0.061111
9 0.959375 0.641667 0.081250 0.142593
6 0.403646 0.197222 0.218750 0.196296
4 0.682552 0.265278 0.032813 0.071296
9 0.830990 0.626852 0.115104 0.146296
9 0.473438 0.795370 0.380208 0.242593
4 0.160417 0.518056 0.129167 0.241667
9 0.804688 0.517593 0.054167 0.092593
4 0.106510 0.392130 0.065104 0.062037
6 0.617188 0.374537 0.119792 0.273148
9 0.964844 0.525926 0.069271 0.090741
4 0.729688 0.558796 0.069792 0.223148
4 0.690625 0.559722 0.058333 0.150926
4 0.497917 0.565741 0.089583 0.135185