4 0.917448 0.378704 0.115104 0.105556
4 0.659635 0.215741 0.178646 0.411111
4 0.808073 0.679167 0.169271 0.228704
4 0.347917 0.427778 0.194792 0.172222
6 0.752344 0.470370 0.089063 0.227778
6 0.408073 0.614815 0.195312 0.140741
4 0.559115 0.688889 0.126562 0.159259
4 0.079427 0.459259 0.156771 0.192593
6 0.598177 0.865278 0.227604 0.175000
6 0.861198 0.930556 0.275521 0.138889
6 0.554427 0.426389 0.098437 0.137963
6 0.516667 0.541667 0.146875 0.151852
6 0.813281 0.498148 0.135937 0.298148
4 0.584635 0.584259 0.099479 0.209259
6 0.698958 0.643056 0.127083 0.212037
9 0.619010 0.810185 0.144271 0.124074