9 0.101823 0.840741 0.106771 0.253704
4 0.236198 0.037500 0.023438 0.037963
4 0.108854 0.091667 0.011458 0.029630
9 0.519531 0.904167 0.098437 0.186111
4 0.272135 0.377315 0.015104 0.025000
4 0.095052 0.312037 0.022396 0.024074
6 0.815885 0.275000 0.103646 0.105556
6 0.329427 0.712037 0.094271 0.253704
9 0.496354 0.079167 0.107292 0.084259
6 0.596354 0.258333 0.067708 0.081481
6 0.395313 0.440278 0.101042 0.104630
4 0.970313 0.488426 0.032292 0.041667
4 0.958073 0.571759 0.029687 0.030556
6 0.372656 0.655093 0.074479 0.186111
6 0.441146 0.315278 0.061458 0.056481
4 0.241667 0.371296 0.020833 0.040741
6 0.639844 0.701389 0.145313 0.156481
9 0.221615 0.758796 0.221354 0.152778
6 0.148177 0.607870 0.105729 0.104630
6 0.480208 0.655556 0.104167 0.250000
6 0.478646 0.286574 0.019792 0.058333
9 0.425000 0.673148 0.056250 0.155556
4 0.901823 0.471759 0.034896 0.034259
4 0.900260 0.564815 0.039062 0.042593
4 0.986458 0.580093 0.027083 0.034259
4 0.073177 0.437037 0.039062 0.025926
4 0.151823 0.441667 0.032813 0.029630
4 0.193490 0.444907 0.024479 0.019444
4 0.204167 0.431944 0.030208 0.015741
4 0.281771 0.416204 0.035417 0.032407
4 0.587760 0.431944 0.023438 0.032407
4 0.841667 0.039352 0.025000 0.032407
4 0.882031 0.031944 0.019271 0.030556
4 0.953646 0.246759 0.031250 0.030556
4 0.877083 0.444907 0.031250 0.041667
4 0.842969 0.405556 0.036979 0.050000
4 0.730208 0.442593 0.040625 0.024074
4 0.027604 0.373611 0.022917 0.028704
4 0.638281 0.335648 0.021354 0.047222
4 0.899219 0.537037 0.032813 0.022222
4 0.617708 0.430556 0.012500 0.022222
4 0.312500 0.500926 0.018750 0.027778
4 0.689323 0.511574 0.026562 0.041667
4 0.719271 0.407870 0.015625 0.019444
4 0.705990 0.385648 0.013021 0.021296
4 0.646094 0.405093 0.016146 0.017593