9 0.933333 0.730093 0.100000 0.249074
9 0.688542 0.855093 0.172917 0.132407
9 0.454948 0.683333 0.172396 0.116667
9 0.890365 0.586111 0.141146 0.290741
9 0.749740 0.466204 0.075521 0.102778
9 0.819792 0.853241 0.136458 0.284259
9 0.617188 0.726389 0.182292 0.123148
9 0.804688 0.647222 0.151042 0.131481
6 0.290365 0.596759 0.276562 0.189815
6 0.451823 0.854630 0.175521 0.198148
6 0.097396 0.068519 0.194792 0.137037
6 0.231250 0.466667 0.139583 0.164815
6 0.139323 0.760185 0.277604 0.405556
6 0.532031 0.521759 0.428646 0.312037
4 0.218490 0.167593 0.061979 0.062963
4 0.694271 0.114352 0.026042 0.052778
4 0.714583 0.404167 0.053125 0.065741
4 0.698958 0.193981 0.045833 0.073148
4 0.164062 0.544444 0.109375 0.144444
4 0.082292 0.650000 0.097917 0.064815
4 0.762240 0.548148 0.060937 0.081481
4 0.074740 0.972222 0.145313 0.055556
4 0.064844 0.797685 0.129688 0.376852
4 0.272135 0.287037 0.072396 0.064815
4 0.722396 0.408333 0.043750 0.088889
4 0.322917 0.710648 0.057292 0.119444
4 0.726562 0.311574 0.083333 0.075000
4 0.654167 0.404167 0.084375 0.104630
4 0.282813 0.228241 0.029167 0.034259