9 0.434896 0.519444 0.047917 0.072222
9 0.809896 0.710185 0.128125 0.144444
9 0.726042 0.669907 0.130208 0.145370
9 0.585156 0.550000 0.051562 0.101852
6 0.434896 0.652778 0.096875 0.135185
6 0.934115 0.318519 0.068229 0.094444
6 0.546615 0.389352 0.135937 0.095370
6 0.739844 0.451852 0.085938 0.059259
4 0.524479 0.640741 0.071875 0.187037
4 0.604688 0.559722 0.068750 0.175000
4 0.694792 0.614352 0.112500 0.152778
4 0.885417 0.462037 0.052083 0.094444
4 0.683073 0.406481 0.063021 0.124074
4 0.644010 0.555093 0.065104 0.275000