4 0.751823 0.217130 0.139063 0.123148
6 0.796094 0.216204 0.315104 0.428704
6 0.692187 0.370833 0.131250 0.136111
4 0.980729 0.664352 0.037500 0.110185
6 0.770312 0.394907 0.143750 0.152778
6 0.921354 0.856481 0.156250 0.281481
4 0.719531 0.487500 0.091146 0.200926
4 0.815885 0.656019 0.160938 0.178704
4 0.615365 0.441667 0.202604 0.190741
4 0.387500 0.566204 0.137500 0.104630
4 0.406510 0.372222 0.103646 0.161111
4 0.890885 0.456481 0.200521 0.175926
6 0.515885 0.637963 0.153646 0.216667
6 0.595052 0.590278 0.069271 0.163889
4 0.071875 0.632407 0.111458 0.272222
6 0.674219 0.367130 0.096354 0.128704
4 0.690104 0.606481 0.137500 0.164815