9 0.343229 0.227315 0.266667 0.176852
9 0.455469 0.449074 0.240104 0.361111
4 0.708073 0.452778 0.044271 0.170370
4 0.809635 0.403241 0.095312 0.176852
4 0.926302 0.266667 0.059896 0.109259
4 0.646615 0.183333 0.118229 0.111111
4 0.612240 0.050463 0.058854 0.100926
4 0.753125 0.358796 0.088542 0.097222
4 0.188281 0.398611 0.058854 0.082407
4 0.230729 0.156019 0.057292 0.104630
4 0.480469 0.284259 0.041146 0.085185
4 0.739844 0.221759 0.040104 0.132407
4 0.666406 0.325000 0.095312 0.151852
4 0.322396 0.411574 0.106250 0.130556
4 0.555729 0.314815 0.182292 0.605556
4 0.154427 0.281019 0.031771 0.076852
4 0.959375 0.457870 0.080208 0.154630
4 0.467187 0.126389 0.031250 0.078704
4 0.338802 0.310648 0.116146 0.125000
4 0.177865 0.396296 0.079687 0.087037