4 0.224740 0.033333 0.082812 0.053704
4 0.021354 0.902778 0.042708 0.168519
4 0.101302 0.081019 0.058854 0.052778
4 0.483333 0.187963 0.052083 0.053704
4 0.454167 0.081481 0.058333 0.072222
6 0.155208 0.240278 0.310417 0.376852
6 0.248698 0.086574 0.109896 0.113889
4 0.606771 0.417130 0.133333 0.523148
4 0.833854 0.019444 0.053125 0.038889
4 0.528125 0.710185 0.096875 0.414815
6 0.403646 0.387500 0.283333 0.519444
6 0.058594 0.596759 0.117188 0.302778
6 0.613542 0.148148 0.170833 0.257407
6 0.902083 0.159722 0.166667 0.252778
6 0.885938 0.407870 0.226042 0.252778
6 0.918490 0.649537 0.163021 0.262037
4 0.128906 0.549074 0.116146 0.144444
4 0.669271 0.822222 0.292708 0.355556
6 0.726823 0.399074 0.207813 0.348148