6 0.438021 0.408796 0.198958 0.193519
6 0.701562 0.624537 0.288542 0.319444
4 0.939583 0.439815 0.120833 0.250000
4 0.242708 0.083796 0.150000 0.167593
6 0.856250 0.732407 0.286458 0.268519
4 0.608073 0.127778 0.169271 0.122222
6 0.546094 0.399537 0.250521 0.476852
9 0.083854 0.756481 0.166667 0.137037
4 0.799740 0.018519 0.075521 0.037037
4 0.823958 0.485648 0.163542 0.156481
4 0.311979 0.220370 0.104167 0.168519
6 0.287760 0.660185 0.519271 0.418519
4 0.935937 0.922222 0.128125 0.153704
6 0.148177 0.874074 0.286979 0.250000
4 0.168229 0.326389 0.331250 0.652778
6 0.436458 0.831944 0.243750 0.336111