9 0.327604 0.596759 0.253125 0.219444
6 0.832031 0.478704 0.228646 0.364815
4 0.796094 0.620833 0.177604 0.154630
4 0.209896 0.113426 0.135417 0.147222
4 0.220312 0.172222 0.066667 0.051852
4 0.395313 0.569444 0.192708 0.220370
4 0.289583 0.434259 0.109375 0.124074
4 0.922917 0.568056 0.154167 0.278704
4 0.081771 0.188426 0.035417 0.071296
4 0.836979 0.086574 0.109375 0.087963
4 0.299219 0.141667 0.116146 0.096296
4 0.362240 0.316204 0.123438 0.195370
4 0.645833 0.056944 0.084375 0.086111
4 0.380990 0.431944 0.114062 0.082407
4 0.727865 0.163889 0.091146 0.087037
4 0.540625 0.524074 0.187500 0.216667
4 0.194792 0.767593 0.275000 0.246296
4 0.452083 0.150000 0.116667 0.100000
4 0.872917 0.165741 0.253125 0.242593