9 0.495833 0.705093 0.076042 0.126852
9 0.849740 0.682407 0.052604 0.120370
6 0.470313 0.843056 0.091667 0.200926
6 0.297135 0.619444 0.053646 0.177778
6 0.357292 0.643056 0.070833 0.197222
6 0.353646 0.499537 0.225000 0.150926
6 0.192969 0.660648 0.095312 0.125000
6 0.645312 0.682870 0.059375 0.147222
4 0.781250 0.114815 0.073958 0.222222
4 0.404167 0.658333 0.060417 0.114815
4 0.027865 0.681019 0.002604 0.006481
4 0.763542 0.743056 0.030208 0.102778
4 0.148958 0.573148 0.118750 0.170370
4 0.591146 0.448611 0.002083 0.008333
4 0.526563 0.228241 0.090625 0.310185
4 0.592708 0.831019 0.241667 0.210185
4 0.036198 0.830556 0.072396 0.205556
4 0.960417 0.680556 0.079167 0.133333
4 0.444271 0.646759 0.048958 0.125000
4 0.229687 0.706019 0.048958 0.086111
4 0.115365 0.749537 0.202604 0.195370
4 0.685417 0.569444 0.193750 0.225926
4 0.531771 0.633796 0.162500 0.132407
4 0.517708 0.593519 0.057292 0.133333
4 0.257292 0.624074 0.055208 0.203704
4 0.733594 0.736574 0.076563 0.141667