6 0.065625 0.540741 0.131250 0.101852
6 0.484635 0.580556 0.246354 0.605556
4 0.580990 0.272685 0.156771 0.191667
6 0.100000 0.817130 0.198958 0.215741
6 0.428385 0.117593 0.164062 0.192593
4 0.228385 0.464815 0.031771 0.122222
6 0.709896 0.341204 0.111458 0.167593
6 0.181250 0.543981 0.109375 0.117593
4 0.249219 0.672685 0.140104 0.136111
6 0.275260 0.405556 0.085938 0.094444
4 0.846354 0.351852 0.059375 0.162963
6 0.820312 0.587500 0.159375 0.084259
6 0.832292 0.500926 0.086458 0.083333
6 0.657813 0.553241 0.157292 0.208333
6 0.110677 0.429630 0.129688 0.092593
4 0.926042 0.732870 0.147917 0.132407
6 0.169271 0.669907 0.092708 0.156481
6 0.092969 0.249074 0.107813 0.094444
6 0.690625 0.225000 0.179167 0.209259
4 0.418229 0.555556 0.139583 0.159259
6 0.385417 0.333796 0.205208 0.450926
4 0.071354 0.623148 0.142708 0.192593
6 0.736198 0.757407 0.201563 0.166667
4 0.863802 0.175000 0.052604 0.064815
4 0.961719 0.596296 0.041146 0.127778
6 0.169531 0.636574 0.090104 0.091667