6 0.847135 0.625463 0.142187 0.126852
6 0.813542 0.518056 0.164583 0.128704
6 0.733594 0.708796 0.229687 0.149074
6 0.532292 0.267130 0.077083 0.067593
9 0.065365 0.401389 0.127604 0.139815
6 0.311979 0.500000 0.135417 0.161111
4 0.684115 0.516204 0.147396 0.273148
6 0.334896 0.578241 0.070833 0.149074
6 0.816667 0.271296 0.170833 0.131481
6 0.876563 0.175000 0.245833 0.340741
6 0.411979 0.839352 0.160417 0.299074
6 0.322917 0.288889 0.043750 0.235185
6 0.061979 0.221759 0.051042 0.104630
6 0.927604 0.529630 0.100000 0.079630
6 0.633854 0.308333 0.212500 0.379630
6 0.485938 0.483796 0.275000 0.328704
6 0.959375 0.381019 0.080208 0.143519
9 0.453385 0.635185 0.176563 0.185185
6 0.536979 0.189815 0.097917 0.183333
6 0.185156 0.051389 0.138021 0.102778
6 0.978125 0.659259 0.043750 0.162963
4 0.719531 0.610185 0.129688 0.133333
6 0.699219 0.439815 0.191146 0.170370