4 0.875260 0.373148 0.102604 0.100000
4 0.616667 0.804630 0.160417 0.203704
4 0.614323 0.618981 0.060937 0.230556
4 0.918229 0.775000 0.162500 0.172222
4 0.379688 0.568056 0.128125 0.086111
4 0.807813 0.298611 0.147917 0.130556
4 0.473958 0.245370 0.094792 0.087037
4 0.221615 0.456481 0.170313 0.144444
4 0.858333 0.441667 0.106250 0.109259
6 0.700000 0.500463 0.132292 0.287963
4 0.394010 0.646296 0.144271 0.125926
4 0.705729 0.215278 0.155208 0.425000
4 0.748698 0.443519 0.059896 0.138889
4 0.390365 0.472685 0.180729 0.154630
4 0.523177 0.605093 0.132812 0.137963
4 0.683073 0.688889 0.122396 0.170370
4 0.479167 0.683333 0.156250 0.179630
4 0.835677 0.520833 0.213021 0.286111
4 0.500000 0.767593 0.106250 0.216667
4 0.840365 0.699537 0.193229 0.143519