9 0.603646 0.829167 0.123958 0.339815
4 0.474740 0.610185 0.073438 0.118519
6 0.931250 0.723611 0.137500 0.182407
4 0.050521 0.645370 0.073958 0.144444
4 0.973437 0.375000 0.053125 0.085185
9 0.784896 0.512037 0.094792 0.070370
9 0.714323 0.619444 0.111979 0.144444
9 0.455208 0.847222 0.205208 0.159259
5 0.673438 0.458333 0.126042 0.096296
4 0.356771 0.345833 0.044792 0.062037
9 0.891146 0.906944 0.082292 0.180556
4 0.346094 0.843519 0.081771 0.311111
9 0.452344 0.722685 0.185938 0.141667
4 0.408073 0.409259 0.044271 0.051852
6 0.923438 0.644907 0.152083 0.171296
4 0.163021 0.328704 0.098958 0.205556