9 0.547135 0.600926 0.249479 0.222222
4 0.334635 0.576852 0.166146 0.146296
4 0.670833 0.282870 0.088542 0.075000
4 0.500521 0.257870 0.069792 0.065741
4 0.534115 0.164815 0.060937 0.059259
4 0.696615 0.617593 0.083854 0.246296
4 0.479427 0.117130 0.049479 0.065741
4 0.383854 0.332870 0.072917 0.084259
6 0.017708 0.544907 0.035417 0.117593
4 0.139063 0.163426 0.104167 0.102778
4 0.741146 0.595833 0.070833 0.245370
4 0.260677 0.224074 0.073438 0.072222
4 0.582812 0.520370 0.134375 0.118519
4 0.761979 0.330093 0.094792 0.113889
4 0.782552 0.560648 0.117188 0.121296
4 0.491406 0.055556 0.065104 0.068519
4 0.213281 0.576852 0.040104 0.135185
4 0.266927 0.417593 0.026562 0.168519