4 0.792188 0.030556 0.059375 0.059259
4 0.106510 0.249537 0.028646 0.028704
9 0.580469 0.900000 0.149479 0.200000
4 0.209635 0.309259 0.015104 0.022222
6 0.585938 0.548611 0.142708 0.117593
4 0.988281 0.262037 0.022396 0.031481
6 0.425000 0.555093 0.131250 0.110185
9 0.537240 0.692593 0.221354 0.159259
9 0.978906 0.424537 0.042188 0.075000
4 0.176042 0.300926 0.019792 0.038889
6 0.482812 0.119444 0.121875 0.098148
6 0.350781 0.691667 0.092188 0.150000
6 0.980469 0.566204 0.039062 0.100926
9 0.939323 0.806481 0.120313 0.164815
6 0.726823 0.569444 0.095312 0.259259
4 0.133594 0.200926 0.024479 0.018519
4 0.203906 0.420833 0.030729 0.017593
4 0.192708 0.376852 0.030208 0.018519
4 0.082552 0.420370 0.036979 0.027778
4 0.411198 0.363889 0.026562 0.020370
4 0.313281 0.375926 0.015104 0.038889
4 0.590885 0.373148 0.024479 0.025926
4 0.627344 0.107407 0.016146 0.016667