9 0.229687 0.613426 0.243750 0.178704
4 0.092969 0.215741 0.074479 0.062963
4 0.440365 0.565741 0.095312 0.427778
4 0.609896 0.284722 0.040625 0.050926
4 0.350260 0.616204 0.108854 0.293519
4 0.737240 0.041667 0.081771 0.072222
4 0.415365 0.361111 0.110937 0.096296
4 0.545312 0.331944 0.095833 0.084259
4 0.299219 0.205093 0.098437 0.080556
4 0.673958 0.478704 0.150000 0.133333
4 0.511458 0.521296 0.098958 0.100000
4 0.505469 0.116667 0.051562 0.074074
4 0.589844 0.685648 0.213021 0.234259
4 0.757812 0.125926 0.059375 0.070370
4 0.470573 0.222685 0.071354 0.071296
4 0.095312 0.501389 0.111458 0.126852