4 0.820312 0.316204 0.142708 0.104630
6 0.820573 0.316667 0.143229 0.101852
6 0.107552 0.461574 0.210938 0.134259
6 0.499479 0.427778 0.283333 0.314815
6 0.304427 0.689352 0.277604 0.187963
6 0.698958 0.241667 0.140625 0.096296
6 0.699219 0.796759 0.457813 0.267593
6 0.176823 0.268519 0.104688 0.129630
3 0.841406 0.645833 0.145313 0.112037
6 0.058594 0.887500 0.116146 0.126852
6 0.867708 0.431019 0.040625 0.126852
6 0.481510 0.612963 0.316146 0.231481
6 0.295833 0.845833 0.190625 0.156481
4 0.919271 0.602315 0.160417 0.182407
6 0.108854 0.585648 0.217708 0.250926
6 0.549219 0.282407 0.076563 0.133333
4 0.301823 0.560185 0.079687 0.188889
4 0.703125 0.520833 0.110417 0.195370
6 0.436458 0.172685 0.300000 0.289815
6 0.652344 0.437963 0.074479 0.242593
6 0.722656 0.407870 0.094271 0.075000
6 0.038281 0.102315 0.076563 0.143519
6 0.887760 0.207407 0.224479 0.198148
4 0.058333 0.884722 0.116667 0.123148