6 0.381510 0.400000 0.161979 0.468519
6 0.326042 0.135648 0.134375 0.087963
4 0.500781 0.087963 0.051562 0.061111
4 0.708594 0.732870 0.202604 0.293519
6 0.406510 0.427778 0.085938 0.359259
6 0.550000 0.420833 0.119792 0.358333
6 0.252344 0.257870 0.108854 0.156481
6 0.486198 0.394907 0.121354 0.400926
4 0.367708 0.032407 0.077083 0.061111
4 0.698438 0.452778 0.106250 0.183333
4 0.800781 0.208796 0.083854 0.187963
4 0.176823 0.028241 0.050521 0.049074
6 0.674219 0.114352 0.180729 0.228704
4 0.568490 0.198148 0.078646 0.075926
6 0.491927 0.222685 0.080729 0.167593
4 0.082552 0.268519 0.100521 0.079630