4 0.107552 0.440278 0.126562 0.087963
4 0.444531 0.843056 0.130729 0.165741
4 0.928125 0.508333 0.057292 0.053704
4 0.040104 0.523148 0.075000 0.068519
4 0.249479 0.751852 0.204167 0.209259
9 0.429427 0.570370 0.120313 0.092593
6 0.702344 0.625000 0.228646 0.348148
4 0.819010 0.117130 0.111979 0.093519
6 0.469271 0.206481 0.136458 0.122222
4 0.561979 0.794907 0.076042 0.199074
4 0.355990 0.613426 0.103646 0.130556
4 0.949219 0.673148 0.101562 0.148148
4 0.379948 0.712037 0.124479 0.124074
4 0.812240 0.719444 0.143229 0.266667
4 0.772656 0.414815 0.130729 0.094444
4 0.923698 0.203241 0.152604 0.241667
5 0.549740 0.510185 0.118229 0.088889
5 0.676302 0.850000 0.197396 0.237037
4 0.549479 0.506019 0.112500 0.089815
4 0.683333 0.869444 0.198958 0.201852
9 0.540365 0.702315 0.136979 0.178704
4 0.365104 0.485185 0.044792 0.042593