6 0.433594 0.489352 0.114062 0.095370
6 0.058073 0.478241 0.116146 0.108333
6 0.341667 0.211574 0.078125 0.084259
6 0.691146 0.502315 0.114583 0.141667
6 0.489583 0.652778 0.095833 0.159259
6 0.365365 0.682407 0.066146 0.118519
6 0.373437 0.764352 0.078125 0.112037
6 0.162760 0.359722 0.057813 0.126852
6 0.467969 0.778704 0.105729 0.144444
6 0.934115 0.672685 0.073438 0.091667
6 0.708594 0.318519 0.096354 0.094444
6 0.602344 0.600926 0.067187 0.209259
6 0.489844 0.881944 0.105729 0.234259
6 0.400000 0.639815 0.068750 0.114815
6 0.842708 0.446296 0.123958 0.092593
6 0.656771 0.643519 0.053125 0.124074
4 0.507812 0.579167 0.077083 0.165741
4 0.826042 0.550000 0.052083 0.100000
4 0.417969 0.365741 0.045312 0.046296
4 0.467187 0.049074 0.056250 0.066667
4 0.528646 0.039352 0.050000 0.056481
4 0.358333 0.019444 0.093750 0.038889
4 0.737240 0.181944 0.041146 0.067593
4 0.282292 0.658796 0.023958 0.071296
4 0.630990 0.534259 0.043229 0.100000
4 0.663542 0.177778 0.032292 0.050000
4 0.367969 0.541204 0.056771 0.067593
4 0.019792 0.063426 0.039583 0.063889
4 0.410417 0.610648 0.055208 0.063889
4 0.104167 0.042593 0.107292 0.072222