4 0.681771 0.636574 0.064583 0.086111
4 0.877083 0.498611 0.036458 0.047222
4 0.827865 0.678704 0.110937 0.090741
4 0.446094 0.843056 0.189062 0.152778
4 0.336458 0.640741 0.076042 0.105556
4 0.843750 0.567130 0.128125 0.087963
4 0.690625 0.744444 0.115625 0.122222
4 0.193750 0.741667 0.172917 0.133333
4 0.263542 0.629167 0.060417 0.069444
4 0.534635 0.332870 0.101562 0.106481
4 0.313281 0.464815 0.066146 0.103704
4 0.802083 0.725000 0.116667 0.081481
4 0.432031 0.755093 0.220312 0.195370
4 0.614583 0.701852 0.165625 0.196296
4 0.430990 0.505093 0.264062 0.249074
4 0.662240 0.433333 0.038021 0.094444
9 0.135937 0.670370 0.242708 0.164815
4 0.317708 0.749537 0.122917 0.145370
4 0.895573 0.921759 0.208854 0.147222
4 0.790625 0.810648 0.146875 0.197222
4 0.892188 0.692593 0.054167 0.090741
9 0.510677 0.628704 0.275521 0.177778