9 0.397917 0.208796 0.158333 0.112037
9 0.670312 0.837037 0.261458 0.170370
9 0.890365 0.618981 0.083854 0.117593
9 0.747917 0.234259 0.113542 0.085185
6 0.509635 0.591204 0.180729 0.269444
6 0.542188 0.726852 0.187500 0.144444
6 0.607552 0.652315 0.120313 0.106481
4 0.926042 0.538889 0.122917 0.094444
4 0.580469 0.646296 0.161979 0.146296
4 0.897917 0.071296 0.142708 0.072222
4 0.371354 0.651389 0.141667 0.162037
4 0.527865 0.300463 0.074479 0.125000
4 0.639583 0.577315 0.055208 0.076852
4 0.748437 0.497685 0.159375 0.137963
4 0.693490 0.447685 0.123438 0.162037