6 0.188281 0.139352 0.101562 0.080556
6 0.117708 0.499537 0.211458 0.193519
6 0.728385 0.351852 0.069271 0.133333
6 0.519792 0.034722 0.028125 0.069444
6 0.161198 0.250926 0.127604 0.120370
6 0.088281 0.790278 0.172396 0.249074
6 0.539844 0.195833 0.048438 0.115741
4 0.942969 0.936574 0.114062 0.126852
6 0.658594 0.169907 0.083854 0.117593
6 0.646615 0.284259 0.064062 0.170370
6 0.367708 0.104630 0.097917 0.138889
4 0.438542 0.019907 0.022917 0.039815
6 0.948177 0.709722 0.103646 0.102778
6 0.300781 0.097222 0.041146 0.050000
6 0.148698 0.429167 0.161979 0.112037
4 0.526042 0.514815 0.043750 0.053704
4 0.660937 0.556944 0.056250 0.117593
4 0.626302 0.042593 0.025521 0.081481
6 0.897135 0.255093 0.028646 0.104630
4 0.027604 0.188426 0.055208 0.099074
6 0.989062 0.255093 0.019792 0.121296
4 0.619010 0.253241 0.044271 0.043519
4 0.569010 0.454167 0.073438 0.063889
6 0.859896 0.507407 0.085417 0.172222
4 0.803906 0.248611 0.088021 0.073148
6 0.482031 0.247685 0.054688 0.112037
4 0.772656 0.557870 0.070312 0.187963
6 0.911198 0.098611 0.075521 0.104630
9 0.515365 0.381019 0.079687 0.117593
4 0.647135 0.286111 0.063021 0.164815
6 0.331510 0.483796 0.320312 0.413889
6 0.907292 0.444907 0.125000 0.108333
4 0.909635 0.637963 0.088021 0.105556
4 0.730208 0.462963 0.101042 0.075926
4 0.842708 0.636111 0.043750 0.111111
6 0.520052 0.700463 0.236979 0.230556
6 0.789844 0.347685 0.086979 0.056481
4 0.582292 0.160185 0.061458 0.074074
4 0.960417 0.612037 0.031250 0.120370
4 0.909635 0.342130 0.056771 0.067593
4 0.110937 0.111111 0.040625 0.116667
4 0.280990 0.318056 0.090104 0.095370