4 0.543229 0.430556 0.090625 0.070370
6 0.292448 0.706481 0.235937 0.185185
6 0.905208 0.387037 0.168750 0.105556
9 0.678646 0.563889 0.289583 0.261111
9 0.398177 0.945833 0.390104 0.106481
9 0.881510 0.740741 0.232813 0.370370
4 0.172135 0.466204 0.031771 0.056481
4 0.764323 0.468981 0.110937 0.078704
6 0.402344 0.726852 0.135937 0.133333
6 0.242188 0.791667 0.171875 0.101852
6 0.445052 0.602778 0.091146 0.085185
6 0.061979 0.947222 0.123958 0.105556
4 0.536198 0.623148 0.098437 0.159259
4 0.723437 0.373611 0.108333 0.095370
4 0.696875 0.171759 0.089583 0.060185