4 0.143490 0.412037 0.038021 0.083333
6 0.591146 0.600926 0.267708 0.311111
6 0.065104 0.442593 0.128125 0.162963
6 0.794792 0.546759 0.145833 0.367593
6 0.696875 0.531944 0.163542 0.334259
4 0.891146 0.353241 0.042708 0.062037
4 0.194792 0.486574 0.089583 0.158333
6 0.931250 0.595370 0.111458 0.253704
4 0.796615 0.090278 0.161979 0.180556
4 0.855729 0.263426 0.192708 0.193519
4 0.279167 0.665278 0.077083 0.143519
4 0.441406 0.301852 0.680729 0.603704
4 0.076302 0.306944 0.049479 0.060185
4 0.356250 0.642593 0.069792 0.087037
4 0.165885 0.814352 0.331771 0.371296