9 0.187240 0.376852 0.374479 0.422222
9 0.104167 0.882407 0.197917 0.233333
6 0.660417 0.718056 0.070833 0.154630
6 0.924219 0.938426 0.080729 0.123148
6 0.254167 0.105556 0.063542 0.162963
6 0.588542 0.016667 0.023958 0.025926
6 0.334635 0.221296 0.069271 0.170370
6 0.728646 0.221296 0.050000 0.098148
6 0.748437 0.216204 0.028125 0.071296
6 0.503646 0.851389 0.121875 0.163889
6 0.069271 0.767593 0.138542 0.244444
6 0.331510 0.818981 0.369271 0.362037
6 0.880208 0.631944 0.237500 0.728704
6 0.439844 0.068981 0.052604 0.137963
6 0.046875 0.900463 0.093750 0.199074
6 0.708594 0.202778 0.021354 0.061111
6 0.398958 0.618056 0.219792 0.308333
6 0.607812 0.601852 0.157292 0.253704
6 0.684635 0.896759 0.175521 0.206481
6 0.499740 0.468519 0.267188 0.540741
6 0.813021 0.810185 0.128125 0.292593
6 0.554167 0.628704 0.068750 0.135185
4 0.694010 0.455556 0.075521 0.190741
4 0.777083 0.656481 0.048958 0.107407
4 0.878906 0.031944 0.126562 0.063889
4 0.824740 0.625000 0.084896 0.081481
4 0.070312 0.532870 0.128125 0.093519
4 0.008594 0.479167 0.017188 0.050926
4 0.718750 0.519444 0.081250 0.088889
4 0.336719 0.256019 0.047396 0.145370
4 0.527865 0.534722 0.141146 0.206481
4 0.478125 0.403241 0.234375 0.415741
4 0.354948 0.312500 0.056771 0.156481
4 0.033594 0.803704 0.067187 0.094444
4 0.698698 0.617593 0.058854 0.101852
4 0.031250 0.697685 0.062500 0.082407