6 0.043229 0.902778 0.082292 0.194444
6 0.054167 0.439352 0.047917 0.162037
6 0.295573 0.487963 0.059896 0.100000
6 0.963281 0.563889 0.051562 0.087037
6 0.220312 0.646759 0.217708 0.208333
6 0.785156 0.379630 0.073438 0.092593
6 0.766146 0.571759 0.234375 0.200926
4 0.352604 0.256481 0.140625 0.385185
6 0.892188 0.732407 0.132292 0.112963
9 0.389323 0.867130 0.343229 0.250926
6 0.127344 0.736111 0.067187 0.175926
6 0.607812 0.538426 0.080208 0.278704
6 0.597656 0.339815 0.115104 0.138889
6 0.550781 0.187500 0.098437 0.137963
6 0.028125 0.507407 0.055208 0.103704
6 0.182292 0.855556 0.206250 0.201852
6 0.218490 0.429167 0.149479 0.202778
6 0.217969 0.515741 0.079687 0.075926
6 0.426823 0.276852 0.080729 0.066667
6 0.378906 0.087500 0.080729 0.163889
6 0.951823 0.802778 0.095312 0.098148
6 0.642448 0.876389 0.238021 0.243519
4 0.449219 0.611111 0.218229 0.287037
6 0.028125 0.647685 0.056250 0.143519
6 0.150000 0.543519 0.091667 0.100000
6 0.080469 0.283333 0.097396 0.218519
6 0.281771 0.382870 0.064583 0.158333
6 0.857031 0.450000 0.071354 0.116667
4 0.193750 0.043981 0.027083 0.084259
6 0.909375 0.936574 0.051042 0.113889
6 0.455990 0.787500 0.260937 0.262037
6 0.757031 0.274537 0.049479 0.086111
6 0.521615 0.431019 0.194271 0.499074
6 0.411198 0.176389 0.066146 0.136111
9 0.117188 0.362963 0.089583 0.181481
6 0.819792 0.492130 0.042708 0.052778
6 0.669531 0.818519 0.105729 0.144444
6 0.154948 0.460648 0.041146 0.119444
6 0.333594 0.455093 0.046354 0.080556
6 0.764844 0.466667 0.084896 0.090741
4 0.458073 0.164815 0.032813 0.101852
4 0.645833 0.026389 0.043750 0.052778
4 0.961979 0.371296 0.019792 0.024074
6 0.152865 0.896296 0.040104 0.066667