9 0.209635 0.761111 0.296354 0.194444
6 0.559115 0.147222 0.109896 0.083333
6 0.269271 0.505556 0.150000 0.375926
6 0.529687 0.809259 0.229167 0.340741
6 0.731771 0.535185 0.303125 0.407407
6 0.785417 0.189815 0.429167 0.379630
6 0.328906 0.371296 0.195312 0.179630
6 0.918750 0.590278 0.161458 0.447222
6 0.444271 0.543056 0.217708 0.365741
6 0.593750 0.284722 0.239583 0.247222
6 0.088021 0.659722 0.176042 0.258333
6 0.530208 0.709259 0.342708 0.194444
6 0.744792 0.304167 0.091667 0.167593
4 0.253385 0.894444 0.082812 0.211111
4 0.109635 0.281481 0.101562 0.100000
4 0.867188 0.237500 0.127083 0.115741