9 0.885938 0.694907 0.204167 0.123148
9 0.191927 0.412037 0.059896 0.087037
9 0.186458 0.664352 0.054167 0.084259
9 0.415365 0.349537 0.076563 0.095370
9 0.963542 0.632407 0.072917 0.094444
6 0.616667 0.372222 0.216667 0.200000
6 0.147917 0.661111 0.050000 0.155556
6 0.502865 0.507870 0.176563 0.287963
6 0.761979 0.647685 0.095833 0.234259
6 0.674219 0.459259 0.158854 0.101852
6 0.321615 0.741667 0.233854 0.281481
4 0.231510 0.231019 0.021354 0.034259
4 0.697917 0.648611 0.091667 0.230556
4 0.892188 0.439352 0.182292 0.302778
4 0.653385 0.574537 0.058854 0.237963
4 0.502344 0.700463 0.096354 0.193519
4 0.166667 0.280556 0.075000 0.048148
4 0.599740 0.696296 0.058854 0.196296
4 0.983333 0.176852 0.032292 0.074074
4 0.345052 0.486111 0.074479 0.070370
4 0.644792 0.749074 0.046875 0.233333
4 0.276042 0.452778 0.043750 0.057407
4 0.195312 0.041204 0.054167 0.082407