6 0.683854 0.183333 0.033333 0.072222
6 0.656771 0.356481 0.041667 0.138889
6 0.766146 0.428704 0.206250 0.192593
6 0.817448 0.284722 0.099479 0.087963
6 0.112240 0.460648 0.220312 0.358333
6 0.742188 0.618519 0.248958 0.281481
4 0.788281 0.353704 0.069271 0.048148
6 0.917188 0.535648 0.165625 0.232407
6 0.274219 0.235648 0.507812 0.467593
6 0.575521 0.409722 0.206250 0.478704
6 0.766146 0.049537 0.069792 0.097222
6 0.361979 0.691204 0.472917 0.578704
6 0.166146 0.790278 0.330208 0.321296
6 0.780469 0.148611 0.103646 0.165741