6 0.164844 0.354167 0.132812 0.197222
6 0.754167 0.537500 0.114583 0.182407
6 0.241146 0.387037 0.185417 0.227778
6 0.604948 0.516667 0.086979 0.120370
6 0.689063 0.770833 0.340625 0.458333
6 0.450781 0.693519 0.096354 0.257407
6 0.427344 0.723148 0.110937 0.224074
6 0.630990 0.432870 0.106771 0.154630
6 0.355469 0.661574 0.127604 0.160185
6 0.894010 0.564815 0.127604 0.112963
6 0.301042 0.585648 0.128125 0.110185
6 0.197917 0.622685 0.104167 0.091667
6 0.479687 0.439815 0.132292 0.238889
6 0.352083 0.405556 0.139583 0.155556
4 0.420573 0.561111 0.086979 0.083333
4 0.249219 0.707407 0.139063 0.142593
4 0.704167 0.579630 0.108333 0.109259
4 0.040365 0.620833 0.072396 0.102778
4 0.332813 0.553704 0.086458 0.096296
4 0.105208 0.488889 0.056250 0.135185
4 0.162760 0.496759 0.043229 0.069444
4 0.113021 0.580556 0.034375 0.120370