3 0.250521 0.885185 0.442708 0.229630
6 0.079427 0.335648 0.158854 0.286111
6 0.922396 0.521296 0.155208 0.366667
4 0.053385 0.556944 0.106771 0.325000
4 0.800000 0.268519 0.061458 0.296296
4 0.676042 0.642130 0.260417 0.360185
6 0.634115 0.458333 0.332813 0.461111
6 0.452083 0.676389 0.151042 0.306481
6 0.835156 0.857870 0.147396 0.284259
4 0.826042 0.606019 0.172917 0.160185
6 0.184896 0.418981 0.232292 0.373148
6 0.513542 0.217593 0.279167 0.237037
6 0.934635 0.901389 0.129688 0.189815
4 0.927865 0.733796 0.135937 0.163889