9 0.407292 0.308796 0.140625 0.102778
9 0.875781 0.383796 0.081771 0.104630
9 0.844010 0.268519 0.109896 0.072222
9 0.960156 0.293056 0.079687 0.054630
6 0.067187 0.213889 0.039583 0.050000
6 0.705990 0.550926 0.127604 0.309259
6 0.456510 0.538889 0.109896 0.200000
6 0.511458 0.477778 0.102083 0.179630
6 0.608073 0.612500 0.196354 0.271296
6 0.895573 0.527778 0.208854 0.240741
6 0.714063 0.374537 0.108333 0.178704
6 0.032292 0.318519 0.061458 0.048148
6 0.284635 0.398148 0.130729 0.175926
6 0.575521 0.340278 0.187500 0.345370
5 0.056510 0.569907 0.111979 0.095370
5 0.028646 0.669444 0.057292 0.142593
5 0.230990 0.627315 0.275521 0.169444
5 0.249740 0.828241 0.372396 0.343519
4 0.823698 0.356481 0.033854 0.051852
4 0.615365 0.512963 0.086979 0.103704
4 0.097917 0.261574 0.045833 0.036111
4 0.277865 0.520833 0.088021 0.154630
4 0.091667 0.284722 0.041667 0.039815
4 0.251042 0.412500 0.060417 0.060185
4 0.511198 0.412037 0.121354 0.138889
4 0.777865 0.385648 0.039062 0.067593
4 0.139844 0.251389 0.029687 0.052778
4 0.139063 0.436111 0.066667 0.096296
4 0.830469 0.209722 0.066146 0.075000