9 0.095052 0.295833 0.190104 0.449074
6 0.047396 0.144444 0.091667 0.051852
6 0.844010 0.274074 0.103646 0.088889
6 0.388021 0.505556 0.114583 0.179630
6 0.685937 0.487500 0.083333 0.225000
6 0.480469 0.344907 0.082812 0.106481
6 0.568490 0.306481 0.198437 0.418519
6 0.889062 0.905556 0.042708 0.188889
6 0.449740 0.469907 0.068229 0.189815
6 0.809115 0.532870 0.122396 0.150926
6 0.776823 0.659722 0.077604 0.132407
6 0.662240 0.165741 0.046354 0.111111
6 0.135937 0.226389 0.068750 0.071296
6 0.710938 0.923611 0.121875 0.139815
6 0.266927 0.191204 0.056771 0.104630
6 0.133333 0.502315 0.087500 0.110185
6 0.860417 0.865741 0.138542 0.159259
6 0.313021 0.365278 0.084375 0.065741
6 0.671615 0.690278 0.044271 0.136111
6 0.180208 0.360185 0.084375 0.109259
6 0.438542 0.637963 0.122917 0.162963
6 0.221875 0.666667 0.218750 0.588889
6 0.066146 0.418056 0.055208 0.045370
6 0.546615 0.699074 0.139063 0.333333
6 0.532813 0.553704 0.103125 0.237037
4 0.445312 0.422222 0.050000 0.098148
4 0.343750 0.343056 0.065625 0.100926
4 0.102344 0.375000 0.059896 0.109259
4 0.721615 0.343056 0.104688 0.073148
4 0.014063 0.210648 0.026042 0.062037
4 0.554167 0.529167 0.053125 0.060185
4 0.881250 0.743519 0.165625 0.105556
4 0.200260 0.497685 0.005729 0.006481
4 0.032292 0.955556 0.064583 0.088889
4 0.545573 0.418981 0.056771 0.063889