9 0.285156 0.187500 0.257812 0.343519
4 0.513542 0.601852 0.163542 0.122222
4 0.248438 0.520370 0.130208 0.118519
4 0.782292 0.380093 0.122917 0.099074
4 0.331771 0.643519 0.156250 0.137037
4 0.702344 0.419907 0.107813 0.123148
4 0.496615 0.467130 0.121354 0.108333
4 0.739062 0.553704 0.165625 0.412963
4 0.932292 0.021759 0.089583 0.043519
4 0.352083 0.273148 0.066667 0.100000
4 0.387240 0.482870 0.174479 0.139815
4 0.520833 0.711574 0.218750 0.143519
4 0.347656 0.420370 0.058854 0.070370
4 0.540365 0.140278 0.049479 0.069444
4 0.619792 0.609722 0.082292 0.228704
4 0.384115 0.405556 0.020313 0.051852
4 0.785417 0.037963 0.037500 0.072222
4 0.652865 0.615278 0.090104 0.286111
4 0.704167 0.295833 0.025000 0.056481