4 0.490000 0.717314 0.165000 0.113074
4 0.428750 0.429329 0.247500 0.222615
4 0.078750 0.793286 0.157500 0.159011
4 0.492500 0.074205 0.130000 0.106007
4 0.937500 0.782686 0.120000 0.102473
4 0.468750 0.862191 0.202500 0.148410
4 0.311250 0.574205 0.282500 0.236749
4 0.327500 0.848057 0.190000 0.289753
4 0.362500 0.275618 0.160000 0.091873
4 0.772500 0.697880 0.150000 0.279152
4 0.211250 0.151943 0.162500 0.148410
4 0.852500 0.485866 0.080000 0.144876
4 0.198750 0.448763 0.142500 0.134276
4 0.666250 0.259717 0.077500 0.109541
4 0.313750 0.070671 0.082500 0.120141
4 0.632500 0.842756 0.105000 0.095406
4 0.680000 0.549470 0.185000 0.123675
4 0.643750 0.409894 0.107500 0.127208
4 0.778750 0.876325 0.202500 0.240283
4 0.761250 0.339223 0.157500 0.127208
4 0.255000 0.348057 0.140000 0.137809
4 0.688750 0.028269 0.072500 0.049470
4 0.715000 0.639576 0.120000 0.084806
4 0.635000 0.765018 0.115000 0.102473
4 0.625000 0.699647 0.080000 0.077739
4 0.610000 0.929329 0.080000 0.141343
4 0.445000 0.908127 0.120000 0.183746
4 0.542500 0.932862 0.085000 0.134276
4 0.810000 0.201413 0.050000 0.035336
4 0.088750 0.952297 0.127500 0.095406
4 0.187500 0.901060 0.125000 0.127208
4 0.407500 0.634276 0.145000 0.109541
4 0.531250 0.646643 0.052500 0.042403
4 0.156250 0.657244 0.082500 0.120141