4 0.358750 0.174812 0.527500 0.266917
4 0.832500 0.150376 0.330000 0.203008
4 0.402500 0.458647 0.235000 0.142857
4 0.672500 0.605263 0.430000 0.248120
4 0.545000 0.921053 0.390000 0.150376
4 0.098750 0.520677 0.197500 0.304511
4 0.836250 0.748120 0.322500 0.293233
4 0.326250 0.684211 0.527500 0.383459
4 0.506250 0.287594 0.427500 0.184211
4 0.331250 0.800752 0.332500 0.157895
4 0.200000 0.919173 0.355000 0.154135
4 0.738750 0.366541 0.452500 0.161654
4 0.917500 0.434211 0.165000 0.199248
4 0.585000 0.184211 0.290000 0.157895
4 0.733750 0.719925 0.242500 0.131579
4 0.886250 0.943609 0.227500 0.112782
4 0.202500 0.441729 0.295000 0.116541
4 0.131250 0.242481 0.262500 0.221805
4 0.100000 0.095865 0.155000 0.154135
4 0.300000 0.045113 0.140000 0.090226
4 0.428750 0.028195 0.217500 0.056391
4 0.231250 0.347744 0.247500 0.176692
4 0.212500 0.622180 0.235000 0.281955
4 0.093750 0.631579 0.172500 0.210526
4 0.043750 0.785714 0.087500 0.120301