4 0.108889 0.827815 0.217778 0.185430
4 0.616667 0.284768 0.193333 0.165563
4 0.910000 0.750000 0.175556 0.188742
4 0.278889 0.478477 0.153333 0.089404
4 0.532222 0.658940 0.220000 0.158940
4 0.321111 0.200331 0.153333 0.115894
4 0.585556 0.842715 0.228889 0.182119
4 0.915556 0.074503 0.164444 0.149007
4 0.811111 0.395695 0.213333 0.129139
4 0.207778 0.364238 0.175556 0.125828
4 0.856667 0.218543 0.175556 0.192053
4 0.425556 0.784768 0.260000 0.211921
4 0.578889 0.149007 0.242222 0.198675
4 0.204444 0.632450 0.231111 0.172185
4 0.596667 0.480132 0.206667 0.178808
4 0.846667 0.566225 0.244444 0.185430