4 0.195000 0.555732 0.220000 0.092357
4 0.747500 0.777070 0.180000 0.114650
4 0.352500 0.837580 0.215000 0.095541
4 0.121250 0.727707 0.207500 0.130573
4 0.626250 0.520701 0.217500 0.105096
4 0.682500 0.388535 0.180000 0.108280
4 0.432500 0.335987 0.220000 0.111465
4 0.805000 0.464968 0.190000 0.121019
4 0.556250 0.256369 0.202500 0.105096
4 0.926250 0.560510 0.142500 0.095541
4 0.142500 0.461783 0.210000 0.101911
4 0.707500 0.606688 0.215000 0.111465
4 0.885000 0.167197 0.205000 0.098726
4 0.535000 0.765924 0.160000 0.124204
4 0.277500 0.651274 0.240000 0.124204
4 0.857500 0.743631 0.170000 0.117834
4 0.450000 0.441083 0.185000 0.117834
4 0.392500 0.617834 0.180000 0.108280
4 0.846250 0.275478 0.137500 0.079618
4 0.658750 0.250000 0.177500 0.092357
4 0.518750 0.659236 0.132500 0.101911