4 0.920909 0.654126 0.092727 0.216019
4 0.530909 0.865291 0.105455 0.099515
4 0.640000 0.645631 0.181818 0.126214
4 0.101818 0.674757 0.090909 0.097087
4 0.217273 0.421117 0.089091 0.075243
4 0.431818 0.476942 0.107273 0.070388
4 0.460909 0.358010 0.176364 0.138350
4 0.839091 0.188107 0.114545 0.070388
4 0.174545 0.870146 0.127273 0.080097
4 0.651818 0.484223 0.154545 0.148058
4 0.160000 0.325243 0.083636 0.160194
4 0.193636 0.575243 0.096364 0.101942
4 0.920909 0.896845 0.125455 0.080097
4 0.412727 0.588592 0.101818 0.080097
4 0.723636 0.811893 0.178182 0.123786
4 0.310000 0.688107 0.060000 0.128641
4 0.235455 0.700243 0.078182 0.157767
4 0.288182 0.586165 0.129091 0.080097
4 0.300000 0.419903 0.065455 0.233010
4 0.706364 0.309466 0.081818 0.060680
4 0.902727 0.313107 0.085455 0.082524
4 0.871818 0.552184 0.085455 0.114078
4 0.963636 0.524272 0.072727 0.126214
4 0.549091 0.785194 0.141818 0.128641
8 0.420000 0.760922 0.116364 0.167476
8 0.260909 0.815534 0.100000 0.106796
8 0.083636 0.773058 0.163636 0.080097
8 0.842727 0.470874 0.140000 0.131068
8 0.800909 0.620146 0.114545 0.089806
8 0.520000 0.236650 0.112727 0.070388
4 0.366364 0.513350 0.118182 0.070388
4 0.495455 0.696602 0.034545 0.082524
4 0.190909 0.916262 0.120000 0.133495
4 0.399091 0.889563 0.129091 0.094660
4 0.703636 0.905340 0.109091 0.111650
4 0.624545 0.361650 0.074545 0.097087