4 0.157500 0.491111 0.145000 0.208889
4 0.905000 0.304444 0.050000 0.111111
4 0.253750 0.911111 0.172500 0.168889
4 0.051250 0.266667 0.102500 0.124444
4 0.422500 0.253333 0.045000 0.106667
4 0.888750 0.764444 0.132500 0.106667
4 0.273750 0.293333 0.072500 0.097778
4 0.657500 0.244444 0.145000 0.124444
4 0.785000 0.817778 0.055000 0.160000
4 0.698750 0.713333 0.157500 0.164444
4 0.485000 0.151111 0.075000 0.133333
4 0.872500 0.884444 0.000000 0.000000
4 0.578750 0.477778 0.162500 0.173333
4 0.161250 0.137778 0.067500 0.071111
4 0.741250 0.362222 0.072500 0.066667
4 0.718750 0.435556 0.067500 0.106667
4 0.352500 0.246667 0.105000 0.093333
4 0.653750 0.028889 0.087500 0.057778
4 0.297500 0.160000 0.095000 0.097778
4 0.153750 0.051111 0.117500 0.093333
4 0.525000 0.693333 0.110000 0.133333
4 0.457500 0.468889 0.105000 0.120000
4 0.851250 0.115556 0.092500 0.097778