8 0.744762 0.801515 0.297143 0.184848
8 0.061905 0.454545 0.112381 0.157576
8 0.643810 0.200000 0.228571 0.151515
8 0.162857 0.712121 0.245714 0.212121
8 0.635238 0.428788 0.180952 0.106061
8 0.241905 0.245455 0.171429 0.103030
8 0.425714 0.671212 0.066667 0.172727
8 0.460000 0.196970 0.097143 0.248485
8 0.877143 0.443939 0.131429 0.136364
8 0.919048 0.692424 0.112381 0.281818
8 0.383810 0.512121 0.188571 0.133333
8 0.372381 0.433333 0.142857 0.115152
8 0.568571 0.571212 0.112381 0.178788
8 0.700952 0.672727 0.114286 0.151515
8 0.699048 0.527273 0.133333 0.109091
8 0.658095 0.106061 0.116190 0.115152
4 0.356190 0.151515 0.129524 0.078788
4 0.107619 0.586364 0.062857 0.154545
4 0.191429 0.472727 0.108571 0.066667
8 0.241905 0.442424 0.110476 0.115152
8 0.171429 0.833333 0.133333 0.157576
4 0.958095 0.468182 0.064762 0.178788
4 0.590476 0.290909 0.080000 0.078788
8 0.323810 0.189394 0.099048 0.106061
8 0.440952 0.539394 0.093333 0.090909
4 0.495238 0.607576 0.041905 0.130303