4 0.272500 0.631086 0.200000 0.123596
4 0.123750 0.691011 0.202500 0.138577
4 0.237500 0.441948 0.170000 0.119850
4 0.891250 0.479401 0.217500 0.112360
4 0.720000 0.436330 0.155000 0.116105
4 0.478750 0.767790 0.207500 0.119850
4 0.923750 0.749064 0.147500 0.119850
4 0.868750 0.902622 0.257500 0.157303
4 0.667500 0.621723 0.180000 0.119850
4 0.798750 0.786517 0.292500 0.157303
4 0.646250 0.535581 0.157500 0.074906
4 0.500000 0.558052 0.190000 0.149813
4 0.071250 0.344569 0.142500 0.149813
4 0.110000 0.567416 0.190000 0.123596
4 0.200000 0.917603 0.225000 0.157303
4 0.862500 0.589888 0.170000 0.101124