6 0.844311 0.301000 0.251497 0.078000
6 0.797904 0.112000 0.194611 0.100000
6 0.059880 0.359000 0.089820 0.070000
6 0.363772 0.250000 0.194611 0.088000
6 0.568862 0.236000 0.197605 0.084000
6 0.800898 0.534000 0.314371 0.128000
6 0.431138 0.622000 0.293413 0.112000
6 0.378743 0.306000 0.176647 0.064000
6 0.236527 0.364000 0.173653 0.092000
6 0.338323 0.703000 0.311377 0.090000
6 0.583832 0.366000 0.257485 0.140000
6 0.603293 0.131000 0.140719 0.070000
6 0.673653 0.620000 0.305389 0.088000
6 0.571856 0.070000 0.203593 0.080000
6 0.718563 0.396000 0.287425 0.084000
6 0.215569 0.231000 0.155689 0.102000
6 0.805389 0.694000 0.299401 0.112000
6 0.705090 0.235000 0.290419 0.106000
6 0.555389 0.507000 0.302395 0.094000
6 0.197605 0.533000 0.173653 0.062000
6 0.473054 0.156000 0.185629 0.088000
6 0.755988 0.891000 0.344311 0.070000