4 0.247326 0.607143 0.355615 0.264286
4 0.701872 0.583929 0.334225 0.296429
4 0.143048 0.319643 0.286096 0.217857
4 0.874332 0.050000 0.245989 0.100000
4 0.647059 0.175000 0.122995 0.164286
4 0.636364 0.333929 0.240642 0.160714
4 0.374332 0.391071 0.197861 0.189286
4 0.538770 0.475000 0.328877 0.235714
4 0.427807 0.110714 0.176471 0.171429
4 0.078877 0.142857 0.157754 0.142857
4 0.899733 0.523214 0.195187 0.203571
4 0.549465 0.875000 0.371658 0.235714
4 0.771390 0.762500 0.275401 0.175000
4 0.280749 0.221429 0.272727 0.192857
4 0.308824 0.717857 0.334225 0.171429
4 0.155080 0.939286 0.310160 0.121429
4 0.216578 0.908929 0.283422 0.182143
4 0.148396 0.550000 0.243316 0.200000
4 0.427807 0.264286 0.058824 0.092857
4 0.467914 0.351786 0.128342 0.110714
4 0.291444 0.425000 0.128342 0.100000