4 0.766250 0.333333 0.097500 0.160000
4 0.518750 0.240000 0.137500 0.168889
4 0.246250 0.375556 0.057500 0.164444
4 0.658750 0.662222 0.127500 0.142222
4 0.176250 0.431111 0.032500 0.097778
4 0.632500 0.391111 0.145000 0.142222
4 0.911250 0.460000 0.037500 0.093333
4 0.532500 0.364444 0.120000 0.124444
4 0.505000 0.457778 0.065000 0.062222
4 0.875000 0.324444 0.035000 0.088889
4 0.586250 0.555556 0.142500 0.204444
4 0.955000 0.804444 0.090000 0.142222
4 0.880000 0.533333 0.045000 0.080000
4 0.705000 0.251111 0.070000 0.093333
4 0.733750 0.466667 0.067500 0.088889
4 0.710000 0.568889 0.050000 0.097778
4 0.807500 0.793333 0.090000 0.155556
4 0.495000 0.584444 0.080000 0.120000
4 0.222500 0.704444 0.040000 0.048889
4 0.860000 0.208889 0.080000 0.071111
4 0.793750 0.480000 0.092500 0.133333
4 0.737500 0.555556 0.030000 0.062222
4 0.801250 0.562222 0.077500 0.075556
4 0.632500 0.484444 0.065000 0.071111
4 0.566250 0.637778 0.047500 0.084444