4 0.198750 0.457187 0.207500 0.143731
4 0.577500 0.454128 0.630000 0.327217
4 0.157500 0.177370 0.065000 0.079511
4 0.656250 0.279817 0.147500 0.155963
4 0.248750 0.900612 0.047500 0.082569
4 0.023750 0.747706 0.047500 0.107034
4 0.065000 0.102446 0.125000 0.143731
4 0.250000 0.059633 0.150000 0.107034
4 0.306250 0.258410 0.167500 0.143731
4 0.437500 0.230887 0.105000 0.168196
4 0.068750 0.339450 0.082500 0.159021
4 0.543750 0.412844 0.182500 0.146789
4 0.801250 0.272171 0.147500 0.079511
4 0.920000 0.039755 0.115000 0.079511
4 0.671250 0.568807 0.122500 0.067278
4 0.586250 0.660550 0.147500 0.165138
4 0.622500 0.857798 0.130000 0.149847
4 0.180000 0.688073 0.140000 0.128440
4 0.720000 0.824159 0.095000 0.082569