4 0.091250 0.310000 0.062500 0.066667
4 0.896250 0.520000 0.042500 0.053333
4 0.227500 0.376667 0.070000 0.080000
4 0.598750 0.536667 0.072500 0.066667
4 0.768750 0.536667 0.102500 0.086667
4 0.498750 0.623333 0.092500 0.080000
4 0.183750 0.400000 0.067500 0.066667
4 0.365000 0.433333 0.070000 0.073333
4 0.370000 0.373333 0.055000 0.040000
4 0.581250 0.363333 0.062500 0.053333
4 0.540000 0.465000 0.080000 0.056667
4 0.707500 0.443333 0.050000 0.053333
4 0.741250 0.411667 0.062500 0.056667
4 0.695000 0.411667 0.055000 0.030000
4 0.840000 0.686667 0.060000 0.080000
4 0.081250 0.443333 0.057500 0.046667
4 0.456250 0.365000 0.042500 0.056667
4 0.633750 0.393333 0.047500 0.026667
4 0.238750 0.635000 0.062500 0.056667
4 0.637500 0.815000 0.065000 0.076667
4 0.375000 0.825000 0.050000 0.050000
4 0.076250 0.630000 0.082500 0.066667
4 0.041250 0.496667 0.057500 0.073333
4 0.137500 0.526667 0.045000 0.033333
4 0.865000 0.820000 0.070000 0.080000
4 0.791250 0.860000 0.052500 0.046667
4 0.985000 0.791667 0.030000 0.070000
4 0.911250 0.698333 0.062500 0.063333
4 0.887500 0.735000 0.035000 0.036667
4 0.976250 0.676667 0.047500 0.066667
4 0.857500 0.550000 0.070000 0.066667
4 0.973750 0.523333 0.052500 0.046667
4 0.952500 0.538333 0.040000 0.050000
4 0.856250 0.445000 0.037500 0.050000
4 0.160000 0.468333 0.120000 0.063333
4 0.270000 0.493333 0.100000 0.053333
4 0.490000 0.441667 0.080000 0.050000
4 0.645000 0.495000 0.070000 0.050000
4 0.242500 0.445000 0.065000 0.043333
4 0.306250 0.451667 0.067500 0.036667
4 0.381250 0.336667 0.062500 0.046667
4 0.791250 0.421667 0.037500 0.043333
4 0.518750 0.366667 0.067500 0.060000
4 0.493750 0.373333 0.052500 0.053333
4 0.571250 0.255000 0.052500 0.050000
4 0.683750 0.305000 0.062500 0.036667
4 0.316250 0.270000 0.062500 0.040000
4 0.437500 0.328333 0.055000 0.023333
4 0.168750 0.268333 0.052500 0.030000
4 0.186250 0.300000 0.042500 0.040000
4 0.217500 0.308333 0.050000 0.023333