4 0.481250 0.333333 0.229167 0.163522
4 0.708333 0.606918 0.241667 0.144654
4 0.829167 0.474843 0.216667 0.132075
4 0.295833 0.182390 0.191667 0.150943
4 0.283333 0.371069 0.241667 0.150943
4 0.160417 0.216981 0.220833 0.157233
4 0.802083 0.298742 0.254167 0.157233
4 0.172917 0.569182 0.229167 0.157233
4 0.881250 0.581761 0.229167 0.144654
4 0.139583 0.358491 0.229167 0.176101
4 0.591667 0.308176 0.166667 0.113208
4 0.475000 0.506289 0.250000 0.144654
4 0.668750 0.424528 0.162500 0.106918
4 0.947917 0.367925 0.095833 0.132075
4 0.643750 0.911950 0.195833 0.163522
4 0.737500 0.710692 0.241667 0.138365
4 0.941667 0.471698 0.116667 0.138365
4 0.958333 0.666667 0.083333 0.125786
4 0.962500 0.811321 0.075000 0.138365
4 0.066667 0.418239 0.133333 0.157233