6 0.234349 0.602792 0.380711 0.200508
6 0.157360 0.397208 0.314721 0.200508
6 0.165821 0.874365 0.284264 0.220812
6 0.265651 0.197970 0.348562 0.182741
6 0.785110 0.760152 0.365482 0.164975
6 0.598985 0.267766 0.351946 0.149746
6 0.565990 0.468274 0.360406 0.170051
6 0.494924 0.817259 0.329949 0.126904
6 0.486464 0.861675 0.231810 0.175127
6 0.076142 0.685279 0.152284 0.187817
6 0.327411 0.104061 0.296108 0.187817
6 0.101523 0.068528 0.203046 0.126904
6 0.489002 0.637056 0.260575 0.142132
6 0.800338 0.430203 0.287648 0.236041
6 0.467005 0.098985 0.206430 0.187817
6 0.747039 0.204315 0.289340 0.159898
6 0.829103 0.154822 0.277496 0.152284
6 0.714890 0.058376 0.282572 0.116751
6 0.857868 0.598985 0.284264 0.197970
6 0.881557 0.332487 0.236887 0.126904
6 0.975465 0.239848 0.049069 0.098985
6 0.976311 0.802030 0.047377 0.101523
6 0.749577 0.935279 0.240271 0.119289
6 0.641286 0.934010 0.280880 0.131980
6 0.888325 0.860406 0.223350 0.131980
6 0.370558 0.302030 0.294416 0.121827
6 0.068528 0.229695 0.079526 0.063452
6 0.167513 0.312183 0.216582 0.101523