4 0.376250 0.473333 0.102500 0.128889
4 0.688750 0.800000 0.107500 0.106667
4 0.248750 0.660000 0.112500 0.173333
4 0.642500 0.373333 0.100000 0.088889
4 0.248750 0.324444 0.097500 0.124444
4 0.173750 0.237778 0.072500 0.084444
4 0.885000 0.482222 0.120000 0.084444
4 0.021250 0.286667 0.042500 0.084444
4 0.657500 0.475556 0.120000 0.097778
4 0.097500 0.340000 0.060000 0.128889
4 0.622500 0.066667 0.135000 0.088889
4 0.392500 0.564444 0.090000 0.097778
4 0.198750 0.177778 0.082500 0.088889
4 0.720000 0.171111 0.130000 0.111111
4 0.471250 0.151111 0.142500 0.106667
4 0.276250 0.442222 0.072500 0.102222
4 0.500000 0.706667 0.100000 0.124444
4 0.940000 0.564444 0.120000 0.097778
4 0.356250 0.217778 0.107500 0.097778
4 0.788750 0.326667 0.142500 0.102222
4 0.826250 0.457778 0.097500 0.071111
4 0.205000 0.464444 0.075000 0.084444
4 0.573750 0.344444 0.122500 0.137778
4 0.585000 0.686667 0.105000 0.111111
4 0.422500 0.788889 0.085000 0.102222
4 0.216250 0.528889 0.087500 0.106667
4 0.808750 0.737778 0.087500 0.080000
4 0.245000 0.840000 0.070000 0.097778
4 0.337500 0.895556 0.075000 0.084444
4 0.162500 0.740000 0.085000 0.128889
4 0.470000 0.373333 0.135000 0.106667
4 0.370000 0.331111 0.125000 0.084444
4 0.623750 0.544444 0.162500 0.137778
4 0.030000 0.406667 0.040000 0.093333
4 0.016250 0.455556 0.032500 0.093333
4 0.136250 0.331111 0.047500 0.057778
4 0.135000 0.417778 0.045000 0.071111
4 0.102500 0.477778 0.045000 0.066667
4 0.061250 0.502222 0.027500 0.053333
4 0.016250 0.580000 0.027500 0.084444
4 0.047500 0.588889 0.035000 0.084444
4 0.131250 0.584444 0.042500 0.066667
4 0.091250 0.613333 0.057500 0.088889
4 0.075000 0.648889 0.020000 0.071111
4 0.331250 0.746667 0.052500 0.080000
4 0.347500 0.802222 0.045000 0.057778
4 0.350000 0.604444 0.065000 0.062222
4 0.515000 0.566667 0.065000 0.048889
4 0.525000 0.466667 0.085000 0.062222
4 0.450000 0.531111 0.060000 0.057778
4 0.652500 0.677778 0.070000 0.084444
4 0.706250 0.671111 0.062500 0.062222
4 0.747500 0.611111 0.065000 0.057778
4 0.808750 0.642222 0.092500 0.048889
4 0.870000 0.584444 0.070000 0.075556
4 0.880000 0.688889 0.065000 0.062222
4 0.896250 0.664444 0.042500 0.048889
4 0.963750 0.640000 0.027500 0.044444
4 0.736250 0.531111 0.097500 0.075556