6 0.592448 0.398611 0.131771 0.404630
6 0.806771 0.389815 0.386458 0.529630
4 0.279687 0.156019 0.047917 0.169444
4 0.559115 0.665741 0.225521 0.268519
4 0.092448 0.195833 0.182812 0.245370
4 0.488542 0.454167 0.122917 0.221296
4 0.138021 0.559259 0.276042 0.229630
4 0.340365 0.445370 0.127604 0.405556
4 0.084896 0.748148 0.169792 0.207407
4 0.146615 0.379630 0.207813 0.159259
4 0.238542 0.231481 0.060417 0.157407
4 0.122917 0.941667 0.166667 0.112963
4 0.263542 0.542593 0.186458 0.275926
4 0.436719 0.565278 0.088021 0.271296
4 0.800521 0.107870 0.002083 0.025000
4 0.362240 0.365278 0.096354 0.147222
4 0.104688 0.391204 0.135417 0.163889
4 0.628646 0.104167 0.272917 0.208333
4 0.461198 0.209259 0.081771 0.105556
4 0.270313 0.805556 0.218750 0.185185
4 0.263542 0.263426 0.086458 0.182407
4 0.190625 0.356019 0.062500 0.082407
4 0.017969 0.445833 0.035937 0.171296