4 0.053906 0.898148 0.107813 0.062963
9 0.306250 0.655093 0.133333 0.145370
8 0.343750 0.727778 0.045833 0.037037
4 0.580990 0.566204 0.056771 0.075000
4 0.926302 0.775000 0.066146 0.038889
4 0.062240 0.518519 0.071354 0.051852
4 0.466406 0.554630 0.030729 0.053704
4 0.683073 0.514815 0.173437 0.094444
4 0.524740 0.679167 0.120313 0.095370
4 0.103906 0.451389 0.086979 0.052778
4 0.734115 0.635185 0.043229 0.046296
4 0.491146 0.603241 0.064583 0.039815
4 0.605990 0.897222 0.111979 0.140741
4 0.729688 0.712500 0.207292 0.137963
4 0.439583 0.734722 0.040625 0.065741
4 0.419010 0.760185 0.075521 0.053704
4 0.415104 0.882870 0.129167 0.104630
4 0.297656 0.431481 0.081771 0.062963
4 0.366927 0.678241 0.036979 0.049074
4 0.672135 0.577315 0.144271 0.113889
4 0.191406 0.919907 0.091146 0.073148
4 0.744010 0.474537 0.098437 0.050926
4 0.325260 0.466204 0.084896 0.087963
4 0.563542 0.352315 0.078125 0.065741