9 0.639583 0.833333 0.184375 0.159259
8 0.254948 0.731944 0.127604 0.145370
4 0.538021 0.228704 0.017708 0.033333
4 0.835938 0.685648 0.205208 0.119444
4 0.659115 0.548148 0.041146 0.087037
4 0.896875 0.919907 0.202083 0.158333
4 0.683594 0.733333 0.086979 0.133333
4 0.837240 0.423611 0.046354 0.076852
4 0.922135 0.730556 0.033854 0.070370
4 0.685937 0.274537 0.043750 0.071296
4 0.114583 0.443519 0.134375 0.170370
4 0.694010 0.472685 0.079687 0.121296
4 0.727344 0.539815 0.070312 0.075926
4 0.564583 0.641204 0.100000 0.130556
4 0.069792 0.539352 0.139583 0.165741
4 0.628646 0.453241 0.137500 0.210185
4 0.857812 0.534722 0.092708 0.117593
4 0.735417 0.620370 0.154167 0.085185
4 0.978646 0.634259 0.042708 0.061111
4 0.259115 0.043981 0.056771 0.065741
4 0.425521 0.767130 0.065625 0.093519