8 0.069792 0.400926 0.038542 0.044444
8 0.609635 0.400000 0.035937 0.040741
8 0.392969 0.277778 0.054688 0.038889
8 0.114583 0.393519 0.046875 0.051852
8 0.484896 0.344907 0.047917 0.047222
8 0.054167 0.349074 0.044792 0.053704
4 0.309896 0.296296 0.040625 0.025926
4 0.011719 0.245370 0.023438 0.040741
4 0.871354 0.487037 0.019792 0.024074
4 0.401042 0.367593 0.015625 0.035185
4 0.114844 0.318981 0.020313 0.043519
4 0.207292 0.240278 0.048958 0.062037
4 0.347396 0.298148 0.034375 0.025926
4 0.909635 0.546296 0.038021 0.042593
4 0.330990 0.318519 0.039062 0.042593
4 0.134115 0.272685 0.046354 0.049074
4 0.019792 0.306019 0.039583 0.037963
4 0.140365 0.253704 0.048438 0.033333
4 0.097917 0.266667 0.017708 0.024074
4 0.958333 0.507870 0.047917 0.043519
4 0.873437 0.521759 0.022917 0.026852
4 0.168490 0.303241 0.022396 0.021296