1 0.458073 0.406481 0.041146 0.062963
4 0.631771 0.396759 0.022917 0.054630
4 0.833594 0.508333 0.064062 0.061111
4 0.694010 0.426389 0.074479 0.097222
4 0.381771 0.421759 0.051042 0.047222
4 0.494792 0.412963 0.038542 0.053704
4 0.880469 0.449537 0.077604 0.080556
4 0.611458 0.393519 0.026042 0.074074
4 0.707812 0.287963 0.053125 0.055556
4 0.681771 0.460648 0.058333 0.047222
4 0.519792 0.403241 0.026042 0.078704
4 0.564323 0.280556 0.044271 0.040741
4 0.779687 0.430556 0.029167 0.055556
4 0.568750 0.423148 0.070833 0.057407
4 0.742188 0.440741 0.059375 0.096296