8 0.123698 0.310648 0.053646 0.123148
8 0.131250 0.335648 0.040625 0.058333
6 0.964063 0.268519 0.068750 0.144444
4 0.236198 0.488426 0.033854 0.045370
4 0.103646 0.420833 0.042708 0.069444
4 0.398438 0.468519 0.067708 0.066667
4 0.373437 0.306481 0.065625 0.292593
4 0.286979 0.345833 0.096875 0.234259
4 0.051562 0.484722 0.066667 0.069444
4 0.055469 0.139352 0.020313 0.049074
4 0.083594 0.254167 0.048438 0.050926
4 0.319792 0.348611 0.087500 0.237963
4 0.432292 0.324537 0.111458 0.310185
4 0.201823 0.274537 0.052604 0.121296
4 0.122135 0.469907 0.073438 0.067593
4 0.062240 0.394444 0.023438 0.081481
4 0.100000 0.176389 0.021875 0.113889
4 0.976562 0.238889 0.044792 0.138889
4 0.224219 0.032407 0.078646 0.064815