6 0.457031 0.686111 0.105729 0.088889
6 0.256771 0.475000 0.071875 0.138889
6 0.137240 0.577315 0.104688 0.063889
6 0.320573 0.874537 0.084896 0.082407
6 0.382292 0.856944 0.046875 0.078704
6 0.328385 0.928704 0.075521 0.087037
4 0.041667 0.481019 0.083333 0.047222
4 0.019792 0.610185 0.039583 0.040741
4 0.544792 0.446296 0.029167 0.083333
4 0.278646 0.660185 0.180208 0.124074
4 0.539062 0.607870 0.041667 0.030556
4 0.876042 0.432870 0.025000 0.030556
4 0.743750 0.097685 0.062500 0.137963
4 0.119792 0.497685 0.072917 0.050926
4 0.230990 0.523611 0.117188 0.071296
4 0.430208 0.505093 0.088542 0.075000
4 0.319010 0.478241 0.057813 0.136111
4 0.517448 0.798148 0.092188 0.062963
4 0.049740 0.632870 0.071354 0.050926
4 0.330208 0.327315 0.045833 0.080556
4 0.475521 0.563426 0.046875 0.063889
4 0.554167 0.637037 0.059375 0.042593
4 0.382292 0.606944 0.045833 0.099074
4 0.493490 0.566204 0.038021 0.041667
4 0.519792 0.311574 0.038542 0.054630
4 0.542188 0.743056 0.106250 0.104630
4 0.340885 0.582870 0.069271 0.060185
4 0.859115 0.339815 0.034896 0.081481
4 0.578646 0.493981 0.031250 0.050926
4 0.870833 0.504167 0.086458 0.126852
4 0.505469 0.400000 0.050521 0.053704
4 0.139063 0.468056 0.092708 0.047222
4 0.712240 0.453704 0.045312 0.068519