4 0.163542 0.567130 0.181250 0.162037
4 0.622135 0.745370 0.130729 0.092593
4 0.353646 0.390741 0.075000 0.061111
4 0.448177 0.450463 0.067187 0.045370
4 0.533333 0.556019 0.079167 0.054630
4 0.318229 0.627315 0.133333 0.097222
4 0.359635 0.195833 0.104688 0.093519
4 0.399219 0.432870 0.047396 0.041667
4 0.391146 0.817593 0.118750 0.064815
4 0.248177 0.039352 0.070312 0.078704
4 0.745052 0.696296 0.078646 0.061111
4 0.175521 0.714352 0.176042 0.113889
4 0.376302 0.470833 0.168229 0.117593
4 0.199740 0.372685 0.110937 0.084259
4 0.471615 0.787037 0.068229 0.087037
4 0.462500 0.676389 0.128125 0.078704
4 0.426302 0.391667 0.095312 0.051852
4 0.161719 0.228704 0.085938 0.066667
4 0.020052 0.618056 0.040104 0.075000
4 0.444271 0.541204 0.127083 0.089815
4 0.020573 0.200926 0.041146 0.061111
4 0.519010 0.475463 0.122396 0.093519
4 0.222135 0.505556 0.155729 0.133333
4 0.699479 0.956944 0.176042 0.084259
6 0.361198 0.742593 0.100521 0.085185
4 0.258854 0.447222 0.050000 0.085185
4 0.949479 0.558333 0.071875 0.064815
4 0.382292 0.321759 0.112500 0.104630
4 0.467448 0.365741 0.075521 0.068519
4 0.534115 0.617130 0.084896 0.102778
4 0.028385 0.498611 0.056771 0.128704
4 0.658854 0.446759 0.094792 0.062037
4 0.521875 0.309722 0.073958 0.067593
4 0.050260 0.387963 0.074479 0.098148
4 0.426302 0.214815 0.059896 0.062963
4 0.766927 0.495370 0.144271 0.127778