9 0.595313 0.904167 0.181250 0.191667
4 0.253125 0.069907 0.120833 0.139815
4 0.533594 0.555556 0.093229 0.142593
4 0.657292 0.143519 0.116667 0.112963
4 0.550260 0.174074 0.066146 0.124074
4 0.018750 0.282407 0.037500 0.070370
4 0.481771 0.502315 0.097917 0.084259
4 0.124219 0.296296 0.178646 0.159259
4 0.751823 0.126852 0.144271 0.155556
4 0.063542 0.400000 0.088542 0.090741
4 0.346615 0.293519 0.068229 0.081481
4 0.388542 0.428704 0.069792 0.125926
4 0.464062 0.306019 0.063542 0.063889
4 0.283073 0.684722 0.246354 0.182407
4 0.064062 0.405093 0.103125 0.112037
4 0.597396 0.105093 0.072917 0.199074
4 0.863021 0.193519 0.084375 0.107407
4 0.103385 0.456019 0.048438 0.067593
4 0.312760 0.261574 0.045312 0.119444
4 0.844271 0.354167 0.173958 0.191667
4 0.314844 0.449537 0.136979 0.102778
4 0.533333 0.347222 0.142708 0.150000
4 0.159635 0.716667 0.159896 0.124074
4 0.523438 0.100000 0.066667 0.061111
4 0.648438 0.280093 0.140625 0.121296
4 0.374740 0.250463 0.166146 0.158333
4 0.379688 0.135185 0.183333 0.129630
4 0.054688 0.292593 0.043750 0.051852
4 0.634115 0.589352 0.064062 0.123148
4 0.251563 0.263426 0.084375 0.091667
4 0.597917 0.388426 0.121875 0.191667
4 0.813021 0.235648 0.153125 0.104630
4 0.243750 0.554167 0.185417 0.156481
4 0.726302 0.579167 0.198437 0.234259
4 0.595052 0.531019 0.079687 0.091667
4 0.080469 0.537963 0.160938 0.137037
4 0.643490 0.388889 0.095312 0.081481
4 0.407292 0.344907 0.111458 0.163889
4 0.484896 0.240278 0.090625 0.139815
4 0.297917 0.396296 0.143750 0.129630
4 0.799219 0.318519 0.076563 0.103704
4 0.750000 0.522222 0.193750 0.259259
4 0.390365 0.923611 0.336979 0.152778
4 0.179688 0.442130 0.130208 0.143519
4 0.010156 0.666667 0.020313 0.094444
4 0.020573 0.462500 0.041146 0.119444
4 0.686719 0.040741 0.196354 0.077778
4 0.463542 0.429167 0.036458 0.056481
4 0.486458 0.142130 0.080208 0.102778
4 0.151823 0.305556 0.155729 0.164815
4 0.639844 0.220370 0.121354 0.092593
4 0.348438 0.081481 0.123958 0.162963
4 0.475000 0.371759 0.086458 0.095370
4 0.267448 0.227778 0.106771 0.101852
4 0.065885 0.054167 0.131771 0.108333
4 0.383333 0.054630 0.110417 0.092593
4 0.522135 0.019907 0.095312 0.039815
4 0.842969 0.094907 0.114062 0.106481
4 0.456771 0.599537 0.105208 0.212037
4 0.755208 0.381019 0.055208 0.045370
4 0.106510 0.151852 0.059896 0.098148
4 0.747135 0.269907 0.061979 0.169444
4 0.978385 0.047222 0.042188 0.077778
4 0.354167 0.539815 0.146875 0.194444
4 0.419792 0.429167 0.058333 0.191667