4 0.286458 0.883796 0.346875 0.232407
4 0.128906 0.423148 0.254688 0.433333
4 0.939323 0.596759 0.118229 0.112037
4 0.343750 0.212037 0.129167 0.324074
4 0.553646 0.272222 0.064583 0.088889
4 0.493750 0.164815 0.052083 0.118519
4 0.456250 0.491667 0.198958 0.281481
4 0.427865 0.268519 0.136979 0.227778
4 0.871615 0.548611 0.202604 0.150926
4 0.853385 0.456481 0.093229 0.116667
4 0.663281 0.178241 0.120313 0.134259
4 0.694010 0.113889 0.094271 0.059259
4 0.204687 0.262037 0.093750 0.125926
9 0.722917 0.337963 0.253125 0.300000
4 0.095573 0.749074 0.189062 0.222222
4 0.945052 0.761574 0.108854 0.150926
4 0.568229 0.351852 0.132292 0.224074
4 0.891406 0.308796 0.126562 0.121296
4 0.319531 0.677778 0.181771 0.157407
4 0.270833 0.521759 0.079167 0.130556