9 0.691667 0.881019 0.155208 0.169444
9 0.602344 0.896759 0.095312 0.141667
4 0.803385 0.516667 0.133854 0.107407
4 0.280469 0.424537 0.096354 0.130556
4 0.444271 0.549074 0.094792 0.070370
4 0.139323 0.393056 0.146354 0.115741
4 0.744010 0.588889 0.063021 0.146296
4 0.247917 0.556019 0.171875 0.106481
4 0.357812 0.410185 0.067708 0.075926
4 0.894792 0.390278 0.140625 0.108333
4 0.545833 0.490741 0.135417 0.103704
4 0.159115 0.461574 0.144271 0.112037
4 0.422396 0.393519 0.038542 0.042593
4 0.437760 0.593056 0.066146 0.078704
4 0.657813 0.487037 0.114583 0.114815
4 0.607552 0.384259 0.132812 0.096296
4 0.096094 0.544907 0.079687 0.150926
4 0.813021 0.452778 0.112500 0.077778
4 0.067187 0.399074 0.084375 0.094444
4 0.291667 0.319907 0.084375 0.076852