4 0.421094 0.036574 0.080729 0.073148
4 0.628646 0.027778 0.046875 0.055556
4 0.738542 0.671296 0.225000 0.300000
4 0.782292 0.921759 0.271875 0.156481
4 0.433854 0.744907 0.200000 0.423148
4 0.465885 0.500000 0.083854 0.346296
4 0.066406 0.641667 0.131771 0.214815
4 0.312760 0.656481 0.135937 0.137037
4 0.341406 0.587037 0.080729 0.127778
4 0.694271 0.545833 0.169792 0.136111
4 0.937240 0.514352 0.125521 0.437963
4 0.568229 0.847222 0.085417 0.233333
4 0.203646 0.645833 0.130208 0.108333
4 0.988542 0.187500 0.021875 0.104630
4 0.247396 0.401852 0.144792 0.135185
6 0.308594 0.466204 0.253646 0.175000