1 0.275521 0.470370 0.038542 0.051852
9 0.467708 0.636574 0.044792 0.136111
8 0.045312 0.378241 0.042708 0.054630
8 0.134896 0.297685 0.034375 0.034259
8 0.189323 0.407407 0.044271 0.051852
8 0.498177 0.244907 0.072396 0.139815
8 0.530469 0.167130 0.069271 0.056481
8 0.589323 0.172685 0.043229 0.063889
8 0.644531 0.263426 0.047396 0.036111
8 0.699479 0.154167 0.069792 0.058333
8 0.752865 0.484259 0.030729 0.064815
8 0.821094 0.705556 0.036979 0.072222
8 0.977865 0.532407 0.044271 0.081481
8 0.258333 0.568056 0.060417 0.050926
6 0.445573 0.311574 0.094271 0.226852
4 0.378646 0.130556 0.044792 0.031481
4 0.949219 0.402315 0.025521 0.045370
4 0.146615 0.070833 0.023438 0.039815
4 0.808073 0.396759 0.032813 0.050926
4 0.359375 0.023148 0.028125 0.031481
4 0.082812 0.129630 0.028125 0.033333
4 0.076563 0.338889 0.036458 0.066667
4 0.262240 0.173611 0.023438 0.025000
4 0.553385 0.029630 0.033854 0.040741
4 0.167969 0.357870 0.025521 0.050926
4 0.780990 0.149537 0.035937 0.036111
4 0.277083 0.119907 0.037500 0.056481
4 0.222396 0.238426 0.013542 0.036111
4 0.697656 0.449074 0.039062 0.038889
4 0.704948 0.205093 0.024479 0.025000
4 0.190365 0.122685 0.029687 0.041667
4 0.790885 0.110648 0.022396 0.030556
4 0.876042 0.543981 0.014583 0.036111
4 0.450521 0.082407 0.029167 0.037037
4 0.016667 0.079630 0.031250 0.050000
4 0.369271 0.080093 0.046875 0.067593
4 0.692187 0.033796 0.036458 0.037963
4 0.238281 0.218056 0.025521 0.056481
4 0.312240 0.137500 0.023438 0.039815
4 0.172135 0.160648 0.027604 0.039815
4 0.122917 0.105093 0.016667 0.026852
4 0.424219 0.076852 0.023438 0.025926
4 0.173437 0.263426 0.021875 0.037963
4 0.682292 0.086574 0.035417 0.060185
4 0.749740 0.020370 0.033854 0.038889
4 0.790365 0.014352 0.035937 0.028704
4 0.160417 0.318519 0.029167 0.035185
4 0.802604 0.298148 0.029167 0.048148
4 0.726823 0.519444 0.030729 0.062963
4 0.888542 0.050463 0.023958 0.030556
4 0.698438 0.419907 0.018750 0.041667
4 0.056510 0.057870 0.049479 0.050926
4 0.094271 0.297222 0.063542 0.050000
4 0.259115 0.021759 0.047396 0.041667
4 0.507812 0.043981 0.037500 0.041667
4 0.766146 0.176389 0.026042 0.041667
4 0.077344 0.216667 0.029687 0.033333
4 0.292969 0.156019 0.018229 0.032407
4 0.764583 0.209259 0.025000 0.033333
4 0.197917 0.206944 0.027083 0.043519
4 0.205990 0.282870 0.020313 0.028704
4 0.876563 0.094907 0.013542 0.036111
4 0.849740 0.299537 0.030729 0.032407
4 0.094531 0.208333 0.032813 0.053704
4 0.663542 0.067593 0.014583 0.020370
4 0.424740 0.048148 0.023438 0.042593
4 0.304688 0.013889 0.039583 0.027778
4 0.599740 0.018519 0.027604 0.031481
4 0.740885 0.104630 0.069271 0.061111
4 0.252865 0.143519 0.025521 0.050000
4 0.171615 0.191667 0.039062 0.044444
4 0.511198 0.091204 0.031771 0.037963
4 0.272656 0.173611 0.027604 0.030556
4 0.818490 0.125000 0.031771 0.044444
4 0.036719 0.276852 0.026562 0.046296
4 0.145573 0.386574 0.038021 0.084259
4 0.169792 0.228241 0.026042 0.037963
4 0.638542 0.295833 0.035417 0.049074
4 0.866667 0.149537 0.026042 0.052778
4 0.787760 0.063426 0.025521 0.037963
4 0.129167 0.160185 0.030208 0.044444
4 0.179167 0.067593 0.029167 0.046296
4 0.053646 0.161574 0.037500 0.047222
4 0.605208 0.051389 0.025000 0.039815
4 0.017188 0.168981 0.029167 0.043519
4 0.032813 0.122685 0.027083 0.026852
4 0.326042 0.042130 0.037500 0.041667
4 0.693490 0.725463 0.140104 0.149074
4 0.113542 0.193981 0.021875 0.021296
4 0.287500 0.303241 0.064583 0.082407
4 0.265365 0.152315 0.020313 0.026852
4 0.270313 0.249537 0.034375 0.054630
4 0.881510 0.367593 0.022396 0.029630
4 0.821094 0.225000 0.022396 0.033333
4 0.014583 0.293981 0.026042 0.049074
4 0.119792 0.276389 0.033333 0.049074
4 0.116406 0.132870 0.031771 0.043519
4 0.439063 0.030556 0.009375 0.025926
4 0.232292 0.058333 0.026042 0.042593
4 0.229687 0.660648 0.035417 0.056481
4 0.321615 0.164352 0.032813 0.045370
4 0.574740 0.074537 0.029687 0.041667
4 0.067969 0.114815 0.013021 0.024074
4 0.345313 0.083333 0.027083 0.038889
4 0.200521 0.010185 0.030208 0.020370
4 0.737240 0.215278 0.024479 0.039815
4 0.005729 0.314815 0.011458 0.037037
4 0.311719 0.044907 0.026562 0.037963
4 0.055208 0.011574 0.021875 0.021296
4 0.839323 0.478704 0.018229 0.053704