1 0.354948 0.984259 0.036979 0.031481
1 0.146094 0.981019 0.025521 0.036111
8 0.955469 0.727315 0.076563 0.065741
4 0.769792 0.555556 0.056250 0.022222
4 0.122135 0.521759 0.123438 0.078704
4 0.888542 0.862500 0.097917 0.073148
4 0.709115 0.556481 0.057813 0.059259
4 0.902865 0.475000 0.076563 0.087037
4 0.011198 0.570370 0.022396 0.031481
4 0.179167 0.313889 0.080208 0.231481
4 0.673698 0.864352 0.077604 0.052778
4 0.724479 0.805093 0.175000 0.128704
4 0.492969 0.819907 0.015104 0.026852
4 0.896094 0.556944 0.030729 0.047222
4 0.127083 0.667593 0.033333 0.029630
4 0.475260 0.602315 0.036979 0.032407
4 0.742708 0.650000 0.078125 0.083333
4 0.857031 0.884722 0.091146 0.062037
4 0.161719 0.821296 0.016146 0.037037
4 0.004687 0.851852 0.007292 0.038889
4 0.381510 0.769907 0.044271 0.075000
4 0.360938 0.622222 0.021875 0.027778