8 0.079427 0.404630 0.065104 0.079630
6 0.310937 0.481944 0.092708 0.071296
4 0.409375 0.356019 0.062500 0.047222
4 0.097917 0.131481 0.047917 0.029630
4 0.082812 0.168981 0.068750 0.043519
4 0.444271 0.268519 0.043750 0.020370
4 0.939323 0.441204 0.040104 0.045370
4 0.117708 0.337037 0.031250 0.033333
4 0.147917 0.234722 0.023958 0.026852
4 0.034375 0.212037 0.068750 0.042593
4 0.295312 0.288426 0.041667 0.043519
4 0.277865 0.261111 0.038021 0.033333
4 0.938542 0.589815 0.122917 0.105556
4 0.539323 0.281481 0.052604 0.029630
4 0.694531 0.324074 0.056771 0.033333
4 0.195833 0.219907 0.020833 0.025000
4 0.832812 0.030556 0.029167 0.031481
4 0.857292 0.506019 0.054167 0.052778
4 0.789583 0.462963 0.031250 0.044444
4 0.879687 0.051389 0.038542 0.036111