4 0.213281 0.508796 0.069271 0.063889
4 0.671615 0.691204 0.077604 0.076852
4 0.211198 0.139815 0.050521 0.053704
4 0.073698 0.334722 0.056771 0.069444
4 0.054948 0.233796 0.065104 0.065741
4 0.337240 0.187963 0.067187 0.138889
4 0.685156 0.524537 0.079687 0.176852
4 0.205990 0.025000 0.041146 0.044444
4 0.465625 0.150463 0.101042 0.121296
4 0.407292 0.354630 0.053125 0.055556
4 0.444531 0.638426 0.127604 0.108333
4 0.120052 0.359259 0.044271 0.051852
4 0.805469 0.160185 0.075521 0.129630
4 0.077604 0.195833 0.025000 0.075000
4 0.266146 0.442593 0.055208 0.064815
4 0.092969 0.407870 0.043229 0.049074
4 0.863021 0.502315 0.067708 0.054630
4 0.362760 0.400000 0.052604 0.053704
4 0.784115 0.030093 0.064062 0.054630
4 0.160938 0.284259 0.053125 0.053704
4 0.849479 0.437963 0.087500 0.083333
4 0.348438 0.442130 0.061458 0.069444
4 0.031250 0.694444 0.061458 0.162963
6 0.541406 0.393056 0.194271 0.250926
6 0.147396 0.651852 0.066667 0.142593
6 0.176302 0.378704 0.096354 0.124074
6 0.589844 0.745833 0.195312 0.143519
4 0.219531 0.688426 0.147396 0.152778
4 0.763802 0.556019 0.103646 0.099074
4 0.594792 0.428704 0.047917 0.059259
4 0.605469 0.469907 0.073438 0.054630
4 0.403385 0.537037 0.067187 0.050000