9 0.809635 0.370833 0.125521 0.275000
4 0.492188 0.193981 0.097917 0.249074
4 0.639844 0.106944 0.110937 0.137963
4 0.552344 0.432407 0.075521 0.131481
4 0.623437 0.377315 0.073958 0.104630
4 0.522135 0.527778 0.108854 0.116667
4 0.280469 0.412500 0.204687 0.225000
4 0.659375 0.480556 0.121875 0.109259
4 0.386198 0.309259 0.297396 0.459259
4 0.677344 0.357407 0.089063 0.185185
4 0.880469 0.646296 0.179688 0.135185
4 0.093229 0.581944 0.093750 0.360185
4 0.719271 0.646296 0.234375 0.233333
4 0.949479 0.490741 0.098958 0.181481
4 0.338542 0.161574 0.091667 0.056481
4 0.447917 0.665278 0.109375 0.184259
4 0.428646 0.319907 0.047917 0.084259