6 0.334635 0.679630 0.040104 0.081481
6 0.473958 0.674074 0.053125 0.081481
6 0.299740 0.550000 0.048438 0.046296
6 0.446615 0.664352 0.059896 0.062037
4 0.494792 0.573611 0.078125 0.037963
4 0.215365 0.232870 0.148438 0.063889
4 0.701042 0.712037 0.065625 0.061111
4 0.408594 0.462963 0.042188 0.192593
4 0.517969 0.360648 0.175521 0.180556
4 0.124740 0.321759 0.140104 0.189815
4 0.934115 0.684259 0.077604 0.059259
4 0.469010 0.517593 0.078646 0.044444
4 0.810417 0.504167 0.051042 0.067593
4 0.610938 0.270833 0.165625 0.082407
4 0.121094 0.039352 0.190104 0.078704
4 0.377865 0.467130 0.036979 0.178704
4 0.373437 0.481019 0.035417 0.165741