6 0.074740 0.761574 0.064062 0.117593
6 0.381510 0.500463 0.084896 0.058333
4 0.221615 0.542593 0.025521 0.031481
4 0.626563 0.618056 0.029167 0.023148
4 0.312760 0.627315 0.065104 0.084259
4 0.475260 0.729167 0.054688 0.056481
4 0.464062 0.533796 0.035417 0.045370
4 0.505469 0.557870 0.067187 0.060185
4 0.626563 0.680556 0.038542 0.033333
4 0.895833 0.791204 0.103125 0.089815
4 0.404687 0.718056 0.046875 0.099074
4 0.415365 0.473611 0.033854 0.041667
4 0.454948 0.666667 0.033854 0.055556
4 0.426563 0.437037 0.019792 0.046296
4 0.339844 0.465278 0.027604 0.049074
4 0.328646 0.571296 0.041667 0.048148
4 0.535937 0.634259 0.047917 0.051852
4 0.669792 0.557407 0.029167 0.029630
4 0.864062 0.723148 0.095833 0.081481
4 0.606510 0.691667 0.039062 0.064815
4 0.547396 0.547685 0.059375 0.100926
4 0.276562 0.572685 0.026042 0.017593
4 0.608073 0.542593 0.031771 0.042593