9 0.821094 0.631019 0.276562 0.165741
6 0.404948 0.526389 0.092188 0.247222
4 0.180469 0.942593 0.335938 0.114815
4 0.541667 0.646759 0.175000 0.156481
4 0.705208 0.443519 0.075000 0.081481
4 0.326302 0.763426 0.169271 0.167593
4 0.863542 0.783796 0.133333 0.132407
4 0.579167 0.862963 0.190625 0.162963
4 0.623437 0.573611 0.082292 0.184259
4 0.489583 0.759722 0.218750 0.143519
4 0.799219 0.500926 0.058854 0.109259
4 0.602865 0.050463 0.044271 0.076852
4 0.178385 0.064815 0.144271 0.129630
4 0.341146 0.659259 0.050000 0.085185
4 0.933073 0.871296 0.133854 0.181481
4 0.423438 0.395370 0.061458 0.114815
4 0.250260 0.593519 0.143229 0.222222
4 0.037500 0.047685 0.075000 0.095370
4 0.122917 0.598611 0.243750 0.199074