4 0.609115 0.400463 0.038021 0.058333
4 0.194010 0.927315 0.028646 0.056481
4 0.300000 0.896759 0.021875 0.063889
8 0.272396 0.839352 0.033333 0.041667
4 0.605729 0.475463 0.028125 0.045370
4 0.417187 0.747685 0.048958 0.104630
8 0.081510 0.957870 0.051562 0.080556
4 0.530469 0.558796 0.042188 0.056481
4 0.734896 0.375926 0.028125 0.044444
8 0.527083 0.448148 0.052083 0.053704
4 0.344792 0.855556 0.045833 0.055556
4 0.574479 0.419444 0.033333 0.057407
4 0.600781 0.612500 0.026562 0.034259
4 0.636458 0.584259 0.033333 0.068519
4 0.665104 0.555093 0.016667 0.047222
4 0.616146 0.641667 0.057292 0.068519
4 0.459635 0.705093 0.029687 0.054630