1 0.322917 0.059259 0.038542 0.062963
1 0.684375 0.039352 0.085417 0.078704
9 0.844271 0.743056 0.059375 0.065741
9 0.256510 0.061574 0.120313 0.123148
9 0.642969 0.434259 0.083854 0.105556
8 0.741667 0.251389 0.118750 0.073148
8 0.940104 0.418519 0.063542 0.074074
4 0.410938 0.084259 0.045833 0.029630
4 0.761198 0.102778 0.044271 0.068519
4 0.513281 0.031019 0.079687 0.062037
4 0.661719 0.233796 0.038021 0.037963
4 0.489063 0.128704 0.025000 0.040741
4 0.864844 0.419907 0.022396 0.093519
4 0.585156 0.213426 0.130729 0.163889
4 0.744271 0.135185 0.045833 0.077778
4 0.605469 0.316204 0.054688 0.063889