1 0.478646 0.605556 0.032292 0.044444
4 0.097917 0.183796 0.030208 0.017593
4 0.574479 0.398148 0.063542 0.044444
4 0.504167 0.515278 0.044792 0.039815
4 0.590365 0.547222 0.034896 0.042593
4 0.421354 0.455093 0.055208 0.049074
4 0.529167 0.450000 0.051042 0.042593
4 0.520573 0.486111 0.040104 0.029630
4 0.558594 0.581019 0.040104 0.023148
4 0.368750 0.487963 0.047917 0.029630
4 0.228385 0.430556 0.064062 0.075926
4 0.480469 0.438889 0.040104 0.027778
4 0.558594 0.489352 0.048438 0.043519
4 0.523698 0.459259 0.043229 0.044444
4 0.666667 0.455556 0.077083 0.059259
4 0.617188 0.543519 0.037500 0.038889
4 0.307031 0.460185 0.057813 0.044444
4 0.740365 0.589815 0.042188 0.042593
4 0.555990 0.524074 0.033854 0.033333
4 0.047135 0.300463 0.033854 0.041667
4 0.701042 0.517593 0.053125 0.046296
4 0.030469 0.143519 0.046354 0.025926
4 0.644271 0.531944 0.037500 0.043519
4 0.806510 0.491204 0.030729 0.030556
4 0.010417 0.499537 0.020833 0.019444
4 0.848958 0.541667 0.052083 0.044444
4 0.637760 0.487037 0.047396 0.035185
4 0.943490 0.629167 0.039062 0.037963
4 0.091667 0.155556 0.020833 0.022222
4 0.052865 0.173611 0.029687 0.019444
4 0.434115 0.534259 0.047396 0.027778
4 0.034635 0.451852 0.069271 0.111111
4 0.609635 0.522222 0.030729 0.022222
4 0.466146 0.507870 0.040625 0.037963
4 0.309635 0.495370 0.052604 0.018519
4 0.207292 0.474074 0.073958 0.059259
4 0.723698 0.553241 0.050521 0.043519