4 0.652865 0.482407 0.060937 0.148148
4 0.796094 0.410648 0.106771 0.276852
4 0.777604 0.476852 0.070833 0.131481
4 0.277083 0.768056 0.263542 0.206481
4 0.510938 0.066667 0.120833 0.081481
4 0.487760 0.443519 0.290104 0.203704
4 0.338281 0.175926 0.049479 0.150000
4 0.240625 0.216204 0.092708 0.100926
4 0.415365 0.159259 0.033854 0.087037
4 0.672917 0.051389 0.039583 0.100926
4 0.978646 0.491667 0.042708 0.140741
4 0.927604 0.601852 0.143750 0.135185
4 0.481250 0.699074 0.198958 0.218519
4 0.171875 0.748611 0.195833 0.237963
4 0.848177 0.355556 0.108854 0.120370
4 0.694010 0.531481 0.046354 0.101852
4 0.617969 0.328704 0.067187 0.177778
4 0.295312 0.023611 0.022917 0.047222
4 0.837500 0.715278 0.142708 0.141667
4 0.289062 0.403241 0.116667 0.102778
4 0.070833 0.287963 0.038542 0.072222
4 0.843229 0.577315 0.075000 0.089815
4 0.563802 0.295833 0.024479 0.045370
4 0.061198 0.458796 0.073438 0.117593
4 0.172656 0.487963 0.118229 0.164815
4 0.209635 0.326852 0.034896 0.103704
4 0.122396 0.039815 0.029167 0.053704
4 0.205208 0.610648 0.094792 0.128704
4 0.694531 0.305093 0.050521 0.132407
4 0.274479 0.163426 0.053125 0.047222
4 0.309635 0.543056 0.168229 0.308333
4 0.254167 0.368056 0.050000 0.050926
4 0.508333 0.249537 0.064583 0.200926
9 0.856250 0.861574 0.188542 0.254630
4 0.103125 0.462500 0.035417 0.112037
6 0.830729 0.223611 0.338542 0.439815
4 0.529167 0.627778 0.232292 0.377778
4 0.697135 0.381944 0.050521 0.071296
4 0.384115 0.729630 0.078646 0.118519
4 0.666406 0.624074 0.061979 0.129630
4 0.837240 0.364352 0.061979 0.113889
4 0.525000 0.216204 0.070833 0.089815
4 0.447917 0.132870 0.021875 0.041667
4 0.415625 0.560648 0.096875 0.130556
4 0.133333 0.586111 0.080208 0.085185