9 0.682813 0.758333 0.156250 0.175926
4 0.811979 0.376852 0.046875 0.040741
4 0.155469 0.745370 0.057813 0.057407
4 0.824740 0.516667 0.033854 0.042593
4 0.610417 0.516204 0.019792 0.019444
4 0.066146 0.032870 0.034375 0.045370
4 0.931771 0.495370 0.038542 0.037037
4 0.025000 0.703704 0.034375 0.040741
4 0.654687 0.326389 0.021875 0.030556
4 0.287240 0.722222 0.026562 0.029630
4 0.344010 0.802315 0.050521 0.054630
4 0.010417 0.676852 0.020833 0.042593
4 0.161719 0.091667 0.022396 0.046296
4 0.219271 0.312037 0.015625 0.031481
4 0.809115 0.465741 0.038021 0.040741
4 0.128646 0.673611 0.052083 0.037963
4 0.044271 0.673148 0.034375 0.033333
4 0.261719 0.748611 0.045312 0.039815
4 0.019271 0.845833 0.038542 0.067593
4 0.621615 0.706481 0.039062 0.053704
4 0.375521 0.710648 0.023958 0.021296
4 0.955990 0.544907 0.044271 0.043519
4 0.347917 0.650463 0.039583 0.043519
4 0.521094 0.537037 0.022396 0.029630
4 0.307292 0.790278 0.034375 0.030556
4 0.225000 0.694444 0.100000 0.077778
4 0.319271 0.695833 0.050000 0.025000
4 0.866667 0.464352 0.026042 0.043519
4 0.025000 0.901852 0.050000 0.048148
4 0.172396 0.784722 0.059375 0.047222
4 0.429688 0.679630 0.020833 0.018519
4 0.275000 0.709722 0.020833 0.019444
4 0.252865 0.575463 0.014063 0.021296
4 0.680990 0.483333 0.038021 0.035185
4 0.286719 0.673148 0.063021 0.050000
4 0.047135 0.659259 0.034896 0.037037
4 0.325781 0.687037 0.049479 0.046296
4 0.949740 0.010648 0.042188 0.021296
4 0.143490 0.773148 0.051562 0.038889
4 0.533333 0.692130 0.027083 0.037963
4 0.637760 0.445833 0.027604 0.037963
4 0.315365 0.791204 0.039062 0.050926
4 0.965365 0.693519 0.060937 0.062963
4 0.512760 0.705556 0.030729 0.035185
4 0.282292 0.591204 0.022917 0.021296
4 0.234896 0.653241 0.032292 0.025000
4 0.043229 0.960185 0.078125 0.062963
4 0.236719 0.563889 0.017188 0.027778
4 0.283073 0.605556 0.038021 0.035185
4 0.594792 0.335185 0.023958 0.020370
4 0.199740 0.752778 0.051562 0.061111