9 0.435417 0.788889 0.131250 0.235185
9 0.261719 0.725000 0.270313 0.192593
9 0.346615 0.843056 0.140104 0.284259
9 0.598437 0.761111 0.233333 0.187037
9 0.239063 0.606481 0.060417 0.118519
6 0.200521 0.387037 0.138542 0.172222
6 0.621615 0.521296 0.176563 0.287037
4 0.410938 0.239815 0.025000 0.035185
4 0.368750 0.376389 0.044792 0.047222
4 0.137240 0.052315 0.177604 0.104630
4 0.132031 0.228704 0.261979 0.231481
4 0.111198 0.325926 0.072396 0.107407
4 0.423438 0.652778 0.130208 0.305556
4 0.277604 0.339815 0.053125 0.050000
4 0.544271 0.397222 0.250000 0.300000
4 0.555208 0.157870 0.147917 0.306481
4 0.291146 0.546296 0.215625 0.200000
4 0.415365 0.437037 0.028646 0.046296
4 0.076563 0.456019 0.053125 0.041667