4 0.892969 0.418519 0.028646 0.040741
4 0.678125 0.065741 0.038542 0.051852
4 0.096094 0.388426 0.016146 0.041667
4 0.624219 0.423611 0.031771 0.047222
4 0.051823 0.349074 0.029687 0.035185
4 0.070573 0.428241 0.028646 0.034259
4 0.812240 0.507870 0.026562 0.032407
4 0.134896 0.275000 0.033333 0.031481
4 0.415104 0.547685 0.045833 0.049074
4 0.692969 0.226852 0.021354 0.029630
4 0.144010 0.086111 0.041146 0.042593
4 0.144531 0.353704 0.038021 0.042593
4 0.066146 0.670833 0.027083 0.052778
4 0.480729 0.135648 0.017708 0.032407
4 0.541927 0.090741 0.021354 0.040741
4 0.935677 0.514815 0.028646 0.024074
4 0.649219 0.164352 0.025521 0.032407
4 0.246354 0.341667 0.037500 0.044444
4 0.619531 0.134259 0.016146 0.022222
4 0.892708 0.362037 0.019792 0.035185
4 0.263021 0.114815 0.020833 0.029630
4 0.740625 0.482870 0.031250 0.041667
4 0.109375 0.142130 0.025000 0.028704
4 0.449219 0.029167 0.028646 0.026852
4 0.815104 0.440741 0.029167 0.027778
4 0.519271 0.436574 0.037500 0.049074
4 0.073698 0.126852 0.014063 0.029630
4 0.792448 0.580093 0.030729 0.045370
4 0.198437 0.017130 0.015625 0.032407
4 0.105729 0.039352 0.021875 0.045370
4 0.695052 0.291667 0.028646 0.033333
4 0.150000 0.306481 0.020833 0.029630
4 0.653906 0.237963 0.025521 0.033333
4 0.515625 0.021759 0.033333 0.030556
4 0.518490 0.087037 0.013021 0.029630
4 0.964583 0.554630 0.035417 0.040741
4 0.888542 0.455556 0.039583 0.029630
4 0.453125 0.284722 0.025000 0.039815
4 0.704688 0.533796 0.020833 0.045370
4 0.545833 0.208333 0.041667 0.048148
4 0.460938 0.098611 0.033333 0.039815
4 0.417969 0.095833 0.020313 0.036111
4 0.034896 0.139815 0.025000 0.035185
4 0.262760 0.216204 0.036979 0.039815
4 0.517448 0.344907 0.055729 0.106481
4 0.200000 0.374074 0.028125 0.037037
1 0.900781 0.594444 0.075521 0.112963
1 0.609115 0.341204 0.040104 0.073148
1 0.565885 0.415278 0.035937 0.045370
1 0.658594 0.725000 0.024479 0.074074
4 0.723437 0.777778 0.062500 0.068519
4 0.739062 0.388426 0.082292 0.049074
4 0.769271 0.438426 0.055208 0.060185
4 0.784115 0.531019 0.025521 0.034259
4 0.793229 0.488426 0.017708 0.028704
4 0.939063 0.612500 0.033333 0.028704
4 0.275000 0.419444 0.028125 0.055556
4 0.246875 0.480556 0.033333 0.029630
4 0.229427 0.493981 0.031771 0.025000
4 0.248698 0.255093 0.032813 0.034259
4 0.167969 0.206481 0.100521 0.096296
4 0.155729 0.120833 0.060417 0.060185
4 0.036719 0.469907 0.022396 0.041667
4 0.111979 0.385185 0.016667 0.031481
4 0.541146 0.284722 0.027083 0.045370
4 0.027865 0.261574 0.032813 0.032407
4 0.050521 0.312963 0.026042 0.042593
4 0.049219 0.429630 0.018229 0.038889
4 0.099219 0.303241 0.028646 0.043519
4 0.560156 0.468519 0.031771 0.048148
4 0.222135 0.745370 0.054688 0.050000
4 0.504948 0.691667 0.056771 0.051852
4 0.254427 0.147222 0.028646 0.048148
4 0.230729 0.309259 0.019792 0.040741
4 0.218490 0.321759 0.030729 0.043519
4 0.178125 0.321759 0.026042 0.025000