1 0.976302 0.512963 0.044271 0.072222
8 0.221094 0.672222 0.047396 0.042593
8 0.777604 0.384259 0.039583 0.025926
8 0.723437 0.341204 0.017708 0.030556
8 0.796094 0.245370 0.055729 0.031481
8 0.690104 0.318519 0.056250 0.029630
8 0.667448 0.291204 0.048438 0.028704
8 0.629167 0.261111 0.044792 0.040741
8 0.620052 0.301389 0.041146 0.026852
8 0.585677 0.312963 0.025521 0.037037
8 0.566406 0.300000 0.038021 0.038889
4 0.638542 0.375926 0.016667 0.051852
4 0.629167 0.488889 0.066667 0.092593
4 0.379167 0.756019 0.042708 0.045370
4 0.123698 0.736574 0.024479 0.019444
4 0.252344 0.522685 0.015104 0.034259
4 0.463021 0.389815 0.037500 0.025926
4 0.367969 0.493056 0.020313 0.034259
4 0.190365 0.654167 0.020313 0.030556
4 0.827865 0.468519 0.045312 0.037037
4 0.406771 0.487037 0.020833 0.029630
4 0.730990 0.525463 0.056771 0.021296
4 0.666667 0.332407 0.038542 0.027778
4 0.519792 0.543519 0.020833 0.025926
4 0.256771 0.694444 0.009375 0.037037
4 0.272396 0.736574 0.038542 0.043519
4 0.426563 0.442593 0.033333 0.027778
4 0.880208 0.452315 0.031250 0.045370
4 0.376042 0.579167 0.019792 0.017593
4 0.729167 0.545833 0.050000 0.043519
4 0.597917 0.447685 0.008333 0.019444
4 0.388021 0.491667 0.020833 0.042593
4 0.232813 0.639352 0.009375 0.019444
4 0.439063 0.412037 0.031250 0.027778
4 0.504687 0.505556 0.012500 0.027778
4 0.330208 0.737037 0.085417 0.077778
4 0.837760 0.434259 0.018229 0.031481
4 0.506771 0.362963 0.013542 0.024074
4 0.678385 0.537500 0.027604 0.054630
4 0.891667 0.406019 0.026042 0.028704
4 0.206771 0.767593 0.047917 0.048148
4 0.574740 0.425000 0.020313 0.029630
4 0.988542 0.473148 0.022917 0.044444
4 0.280990 0.448148 0.039062 0.059259
4 0.584896 0.469444 0.021875 0.022222
4 0.283073 0.641667 0.021354 0.025926
4 0.556510 0.572685 0.024479 0.030556
4 0.389844 0.616667 0.024479 0.044444
4 0.909896 0.427315 0.039583 0.043519
4 0.671615 0.375463 0.031771 0.030556
4 0.344271 0.609722 0.023958 0.025000
4 0.612760 0.463426 0.024479 0.023148
4 0.540885 0.431944 0.016146 0.025000
4 0.716667 0.466204 0.100000 0.075000
4 0.870313 0.406944 0.018750 0.030556
4 0.861458 0.553241 0.112500 0.076852
4 0.633333 0.555556 0.015625 0.025926
4 0.614844 0.509722 0.022396 0.034259
4 0.583333 0.555556 0.015625 0.020370