9 0.713021 0.815278 0.250000 0.171296
9 0.112500 0.281944 0.143750 0.189815
9 0.928646 0.274074 0.097917 0.057407
9 0.384375 0.459722 0.091667 0.158333
6 0.302865 0.059722 0.181771 0.119444
4 0.262760 0.293519 0.079687 0.066667
4 0.181510 0.740278 0.351562 0.199074
4 0.154427 0.540278 0.125521 0.162037
4 0.691667 0.256944 0.028125 0.052778
4 0.709896 0.318519 0.102083 0.201852
4 0.229687 0.522222 0.101042 0.146296
4 0.645833 0.019444 0.113542 0.038889
4 0.134635 0.451852 0.070312 0.081481
4 0.884115 0.411574 0.152604 0.137963
4 0.577344 0.676389 0.110937 0.237963
4 0.922396 0.830093 0.155208 0.247222
4 0.632292 0.706944 0.098958 0.125000
4 0.816667 0.458333 0.133333 0.120370
4 0.048698 0.380093 0.097396 0.156481
4 0.560417 0.262963 0.150000 0.131481
4 0.437500 0.724074 0.212500 0.275926
4 0.455990 0.050463 0.094271 0.100926
4 0.226562 0.378241 0.143750 0.149074
4 0.464844 0.592593 0.273438 0.359259
4 0.033073 0.505556 0.066146 0.098148
4 0.018750 0.099537 0.037500 0.056481
4 0.496615 0.528704 0.188021 0.268519
4 0.043750 0.533333 0.087500 0.112963
4 0.198698 0.253241 0.150521 0.236111
4 0.972917 0.435648 0.054167 0.121296
4 0.224740 0.716667 0.257812 0.233333
4 0.055208 0.114815 0.087500 0.079630
4 0.552083 0.159722 0.050000 0.097222
4 0.812240 0.714815 0.177604 0.138889
4 0.698958 0.310185 0.084375 0.138889
4 0.132292 0.120833 0.078125 0.106481
4 0.601302 0.350926 0.111979 0.155556
4 0.738542 0.415741 0.043750 0.112963
4 0.670833 0.242130 0.035417 0.034259
4 0.681771 0.577315 0.083333 0.191667
4 0.298698 0.249074 0.055729 0.096296
4 0.957812 0.629167 0.083333 0.115741
4 0.744792 0.623148 0.157292 0.211111
4 0.213542 0.181019 0.077083 0.106481
4 0.268490 0.182407 0.095312 0.153704
4 0.085938 0.470833 0.083333 0.086111
4 0.652083 0.184259 0.131250 0.101852
4 0.321094 0.683333 0.188021 0.203704