4 0.030990 0.514352 0.061979 0.132407
4 0.295052 0.505093 0.184896 0.336111
4 0.564844 0.930093 0.119271 0.134259
4 0.178906 0.393056 0.148438 0.269444
4 0.072135 0.343056 0.141146 0.199074
4 0.029167 0.373611 0.056250 0.089815
4 0.482031 0.312500 0.174479 0.228704
4 0.450521 0.574074 0.140625 0.311111
4 0.309115 0.822222 0.133854 0.209259
4 0.583854 0.773611 0.160417 0.162037
6 0.624479 0.356019 0.341667 0.465741
4 0.522396 0.652778 0.221875 0.266667
4 0.057292 0.517130 0.058333 0.117593
4 0.208333 0.722685 0.290625 0.143519
4 0.104167 0.424537 0.140625 0.087963