4 0.314583 0.456481 0.136458 0.140741
4 0.263542 0.356019 0.036458 0.062037
6 0.420052 0.305556 0.152604 0.168519
8 0.019010 0.500000 0.036979 0.109259
4 0.333073 0.599074 0.151562 0.190741
4 0.402865 0.575000 0.036979 0.048148
6 0.262760 0.558796 0.133854 0.112037
4 0.170052 0.477778 0.152604 0.207407
1 0.070052 0.968519 0.051562 0.055556
4 0.070573 0.766204 0.021354 0.034259
4 0.927604 0.136111 0.144792 0.155556
8 0.102604 0.857870 0.031250 0.067593
4 0.538802 0.353241 0.151562 0.150926
1 0.152344 0.798611 0.044271 0.065741
4 0.438542 0.481944 0.088542 0.130556
4 0.252344 0.811111 0.098437 0.133333
4 0.536458 0.439815 0.162500 0.140741
4 0.375521 0.442130 0.037500 0.058333
4 0.220573 0.717593 0.049479 0.085185