4 0.119010 0.453241 0.158854 0.123148
4 0.363542 0.608796 0.085417 0.076852
4 0.247656 0.778704 0.481771 0.438889
4 0.155469 0.073611 0.304688 0.145370
4 0.505208 0.418981 0.059375 0.084259
4 0.608594 0.641667 0.101562 0.107407
4 0.319271 0.267593 0.162500 0.109259
4 0.566667 0.499074 0.116667 0.074074
4 0.596875 0.208796 0.062500 0.167593
4 0.582292 0.125926 0.080208 0.064815
4 0.418750 0.186111 0.201042 0.124074
4 0.152865 0.364352 0.142187 0.093519
4 0.412240 0.491204 0.079687 0.104630
4 0.358333 0.146759 0.077083 0.058333
4 0.434115 0.404630 0.138021 0.214815
4 0.268490 0.417593 0.140104 0.096296
4 0.261719 0.318981 0.125521 0.099074
4 0.980208 0.136574 0.038542 0.189815
4 0.481250 0.627778 0.081250 0.068519
4 0.851823 0.371296 0.096354 0.062963
4 0.497396 0.059259 0.123958 0.087037
9 0.152865 0.364815 0.145313 0.094444
4 0.681771 0.085185 0.137500 0.170370
4 0.204167 0.246759 0.080208 0.091667
4 0.310677 0.484259 0.123438 0.074074
4 0.237240 0.627778 0.161979 0.114815