6 0.242188 0.662963 0.192708 0.133333
6 0.822656 0.863426 0.289062 0.273148
6 0.556250 0.519444 0.218750 0.268519
4 0.560417 0.800000 0.264583 0.274074
4 0.269792 0.381481 0.067708 0.092593
4 0.656250 0.850000 0.209375 0.300000
4 0.124740 0.312037 0.246354 0.324074
4 0.156510 0.185185 0.226562 0.370370
4 0.250260 0.918056 0.281771 0.163889
4 0.277865 0.520370 0.339062 0.237037
4 0.142969 0.935185 0.285938 0.129630
4 0.744271 0.439815 0.131250 0.172222
4 0.661458 0.545370 0.094792 0.131481
4 0.975000 0.940278 0.050000 0.119444
4 0.679167 0.400463 0.090625 0.132407
4 0.326042 0.833796 0.252083 0.258333
4 0.922396 0.486574 0.155208 0.184259
4 0.404427 0.484722 0.161979 0.410185
4 0.374219 0.191667 0.256771 0.383333
4 0.071875 0.666204 0.143750 0.262037