4 0.537500 0.300000 0.063542 0.083333
4 0.315625 0.558796 0.126042 0.093519
4 0.338281 0.312037 0.015104 0.051852
4 0.413542 0.450926 0.042708 0.074074
4 0.497135 0.586111 0.107813 0.188889
4 0.526563 0.378241 0.094792 0.095370
4 0.654167 0.446759 0.067708 0.060185
4 0.230469 0.117130 0.056771 0.082407
4 0.344010 0.455093 0.053646 0.058333
9 0.067969 0.737037 0.135937 0.144444
4 0.697396 0.550000 0.120833 0.100000
4 0.258333 0.447222 0.058333 0.077778
4 0.255990 0.581019 0.061979 0.071296
4 0.218490 0.369907 0.014063 0.025000
4 0.526302 0.916204 0.183854 0.141667
4 0.286979 0.396296 0.054167 0.066667
4 0.388021 0.405556 0.021875 0.027778
4 0.155729 0.387500 0.063542 0.056481
4 0.641667 0.337500 0.039583 0.075000
4 0.158073 0.468519 0.071354 0.064815
4 0.448958 0.536574 0.059375 0.108333
4 0.026562 0.262500 0.053125 0.054630
4 0.146875 0.295370 0.013542 0.029630
4 0.757292 0.387037 0.043750 0.061111
4 0.333854 0.382870 0.104167 0.132407
4 0.282813 0.243056 0.041667 0.045370
4 0.280990 0.331944 0.027604 0.060185
4 0.601042 0.614815 0.032292 0.064815
4 0.575521 0.566204 0.055208 0.100926
4 0.111719 0.296759 0.043229 0.047222
4 0.190885 0.283796 0.061979 0.036111
4 0.216927 0.321759 0.025521 0.039815
4 0.306771 0.301389 0.023958 0.056481
4 0.110417 0.256481 0.053125 0.046296
4 0.290885 0.697222 0.084896 0.146296
4 0.554427 0.505093 0.072396 0.137963