9 0.180990 0.869907 0.361979 0.245370
6 0.317969 0.703704 0.164062 0.203704
6 0.506771 0.687037 0.186458 0.211111
4 0.879167 0.494444 0.089583 0.146296
4 0.051302 0.139815 0.102604 0.279630
4 0.333594 0.034722 0.183854 0.069444
4 0.796094 0.398148 0.108854 0.170370
4 0.878646 0.850463 0.242708 0.299074
4 0.488542 0.763426 0.084375 0.208333
4 0.723437 0.699537 0.143750 0.228704
4 0.534635 0.468519 0.252604 0.446296
4 0.587240 0.871296 0.119271 0.248148
4 0.752083 0.484722 0.202083 0.162037
4 0.159635 0.463426 0.194271 0.169444
4 0.591667 0.800926 0.127083 0.207407
4 0.416667 0.467593 0.121875 0.218519
4 0.628385 0.909259 0.056771 0.181481
4 0.670312 0.843519 0.166667 0.211111
4 0.041667 0.264352 0.083333 0.099074
4 0.519271 0.865741 0.068750 0.227778
4 0.682813 0.955093 0.052083 0.089815