4 0.596354 0.017593 0.090625 0.027778
4 0.123438 0.044444 0.054167 0.085185
4 0.532813 0.398611 0.100000 0.126852
4 0.851823 0.795833 0.170313 0.150926
4 0.605729 0.338889 0.094792 0.111111
4 0.770312 0.497685 0.079167 0.189815
4 0.730469 0.571296 0.057813 0.081481
4 0.272917 0.248611 0.073958 0.210185
4 0.481250 0.381481 0.056250 0.224074
4 0.239323 0.572222 0.050521 0.098148
4 0.757292 0.356481 0.091667 0.198148
4 0.927865 0.410185 0.052604 0.077778
4 0.784115 0.135648 0.071354 0.175000
4 0.342448 0.568519 0.136979 0.085185
4 0.402083 0.396296 0.100000 0.166667
4 0.196615 0.471759 0.039062 0.125000
4 0.509115 0.505093 0.094271 0.145370
4 0.813281 0.577315 0.128646 0.147222
4 0.363021 0.496759 0.077083 0.115741
4 0.698698 0.304167 0.152604 0.182407
4 0.300000 0.492593 0.064583 0.161111
4 0.424219 0.668056 0.179688 0.189815
5 0.616927 0.684722 0.188021 0.499074
5 0.167969 0.212037 0.163021 0.218519
4 0.546354 0.213889 0.087500 0.268519
4 0.584375 0.218519 0.053125 0.035185
4 0.415885 0.550926 0.030729 0.046296
4 0.859896 0.670370 0.073958 0.105556