9 0.527344 0.793056 0.072396 0.093519
8 0.711719 0.466667 0.035937 0.059259
8 0.630729 0.520370 0.013542 0.029630
8 0.552865 0.520370 0.042188 0.038889
7 0.726042 0.970370 0.068750 0.059259
4 0.795052 0.299537 0.015104 0.028704
4 0.869010 0.163426 0.023438 0.021296
4 0.353646 0.931481 0.068750 0.129630
4 0.178646 0.793519 0.057292 0.062963
4 0.376563 0.558796 0.026042 0.050926
4 0.882292 0.257870 0.080208 0.076852
4 0.532031 0.643056 0.019271 0.032407
4 0.949740 0.034722 0.100521 0.069444
4 0.219792 0.740278 0.027083 0.043519
4 0.413542 0.741204 0.017708 0.036111
4 0.264583 0.614352 0.046875 0.052778
4 0.363021 0.681019 0.031250 0.089815
4 0.912240 0.109722 0.021354 0.039815
4 0.470313 0.561111 0.046875 0.050000
4 0.401042 0.825926 0.017708 0.038889
4 0.769792 0.340278 0.018750 0.037963