9 0.334375 0.731481 0.092708 0.168519
9 0.396094 0.892593 0.130729 0.109259
9 0.463021 0.799537 0.100000 0.102778
6 0.311719 0.296759 0.105729 0.069444
6 0.475260 0.589352 0.036979 0.063889
4 0.380990 0.183333 0.019271 0.033333
4 0.309896 0.368056 0.028125 0.036111
4 0.102865 0.384259 0.034896 0.037037
4 0.464323 0.357407 0.031771 0.051852
4 0.962240 0.858333 0.065104 0.094444
4 0.014323 0.077778 0.028646 0.038889
4 0.279687 0.333796 0.013542 0.028704
4 0.395052 0.256019 0.024479 0.030556
4 0.193490 0.525463 0.028646 0.023148
4 0.206510 0.368519 0.032813 0.038889
4 0.605990 0.856019 0.048438 0.067593
4 0.157812 0.401389 0.041667 0.047222
4 0.249740 0.503704 0.031771 0.057407
4 0.513021 0.057407 0.044792 0.042593
4 0.434896 0.422685 0.044792 0.054630
4 0.014323 0.276852 0.028646 0.061111
4 0.529687 0.551852 0.038542 0.038889
4 0.781771 0.723611 0.068750 0.049074
4 0.668490 0.560648 0.019271 0.032407
4 0.534635 0.587500 0.031771 0.050926
4 0.555990 0.628704 0.008854 0.029630
4 0.871094 0.850926 0.029687 0.048148
4 0.484635 0.518056 0.020313 0.056481
4 0.054167 0.285185 0.050000 0.046296
4 0.166667 0.343519 0.064583 0.081481
4 0.314063 0.312963 0.028125 0.038889
4 0.589844 0.675000 0.052604 0.059259
4 0.554688 0.674074 0.015625 0.040741
4 0.534375 0.342593 0.022917 0.040741
12 0.792188 0.762963 0.047917 0.048148