9 0.308594 0.879167 0.084896 0.093519
8 0.516667 0.806944 0.091667 0.054630
8 0.186198 0.782870 0.060937 0.065741
8 0.144792 0.731019 0.039583 0.043519
8 0.034635 0.617593 0.043229 0.098148
8 0.938802 0.748148 0.055729 0.044444
8 0.114844 0.949074 0.089063 0.101852
6 0.255208 0.670370 0.086458 0.075926
6 0.441146 0.603704 0.148958 0.151852
4 0.609896 0.737963 0.042708 0.055556
4 0.098698 0.375926 0.086979 0.092593
4 0.127865 0.876852 0.094271 0.074074
4 0.428125 0.736111 0.065625 0.068519
4 0.667188 0.450926 0.084375 0.094444
4 0.534896 0.173611 0.075000 0.089815
4 0.291667 0.670370 0.052083 0.096296
4 0.035677 0.723611 0.071354 0.110185
4 0.389844 0.464352 0.031771 0.036111
4 0.137240 0.668056 0.093229 0.093519
4 0.335938 0.370833 0.027083 0.067593
4 0.345573 0.781019 0.080729 0.097222
4 0.794271 0.410648 0.086458 0.091667
4 0.322917 0.348148 0.071875 0.075926
4 0.308333 0.542593 0.080208 0.079630
4 0.527344 0.449537 0.034896 0.045370
4 0.086719 0.730556 0.084896 0.107407
4 0.627083 0.699074 0.037500 0.070370
4 0.477083 0.502778 0.056250 0.059259
4 0.432812 0.529167 0.062500 0.056481
4 0.541927 0.455093 0.046354 0.058333
4 0.423958 0.472222 0.031250 0.064815
4 0.143490 0.558796 0.092188 0.091667
4 0.347917 0.591667 0.038542 0.035185
4 0.576302 0.787037 0.060937 0.053704
4 0.283594 0.101852 0.089063 0.118519
4 0.497396 0.360648 0.054167 0.097222
4 0.429688 0.789815 0.089583 0.072222
4 0.538542 0.311111 0.076042 0.122222
4 0.961719 0.293981 0.076563 0.054630
4 0.219271 0.507870 0.073958 0.073148
4 0.469271 0.671759 0.087500 0.091667
4 0.569792 0.342130 0.045833 0.075000
4 0.507292 0.766204 0.056250 0.049074
4 0.313542 0.637037 0.053125 0.120370
4 0.507292 0.612963 0.041667 0.055556
4 0.412240 0.377778 0.079687 0.125926
4 0.984896 0.868981 0.029167 0.106481
4 0.019792 0.768981 0.039583 0.056481
4 0.452344 0.109259 0.069271 0.081481