1 0.321094 0.690278 0.048438 0.052778
9 0.479687 0.968056 0.110417 0.062037
4 0.038542 0.736574 0.035417 0.047222
4 0.289062 0.199537 0.026042 0.036111
4 0.966146 0.813426 0.067708 0.073148
4 0.895573 0.819907 0.070312 0.050926
4 0.210417 0.241204 0.044792 0.050926
4 0.588021 0.536574 0.033333 0.065741
4 0.108594 0.056481 0.032813 0.042593
4 0.708073 0.139815 0.011979 0.025926
4 0.897135 0.676852 0.015104 0.031481
4 0.723958 0.696296 0.052083 0.066667
4 0.770573 0.485185 0.025521 0.051852
4 0.177604 0.129630 0.053125 0.053704
4 0.728385 0.638889 0.027604 0.027778
4 0.879167 0.687963 0.022917 0.027778
4 0.023698 0.293056 0.047396 0.078704