9 0.696875 0.580556 0.122917 0.216667
9 0.696875 0.580556 0.122917 0.216667
4 0.377865 0.413889 0.074479 0.087037
4 0.511198 0.589352 0.099479 0.180556
4 0.503385 0.401852 0.251563 0.231481
4 0.761719 0.325000 0.093229 0.079630
4 0.360938 0.674537 0.116667 0.247222
4 0.795052 0.033796 0.100521 0.065741
4 0.624740 0.446759 0.039062 0.065741
4 0.888542 0.468056 0.094792 0.069444
4 0.365365 0.546296 0.180729 0.179630
4 0.248698 0.132870 0.322396 0.265741
4 0.769792 0.462963 0.105208 0.079630
4 0.808854 0.648148 0.241667 0.153704
4 0.713021 0.472685 0.069792 0.060185
4 0.278646 0.385648 0.082292 0.156481
4 0.675000 0.307870 0.080208 0.150926
4 0.798958 0.491204 0.065625 0.032407
4 0.377865 0.413889 0.074479 0.087037
4 0.677083 0.307407 0.089583 0.124074
4 0.511198 0.589352 0.099479 0.180556
4 0.503385 0.401852 0.251563 0.231481
4 0.761719 0.325000 0.093229 0.079630
4 0.360938 0.674537 0.116667 0.247222
4 0.793490 0.033796 0.100521 0.065741
4 0.624740 0.446759 0.039062 0.065741
4 0.888542 0.468056 0.094792 0.069444
4 0.365365 0.546296 0.180729 0.179630
4 0.248698 0.132870 0.322396 0.265741
4 0.769792 0.462963 0.105208 0.079630
4 0.808854 0.648148 0.241667 0.153704
4 0.713021 0.472685 0.069792 0.060185
4 0.278646 0.385648 0.082292 0.156481
4 0.677344 0.290741 0.059896 0.116667
4 0.677083 0.375000 0.081250 0.042593
4 0.798958 0.491204 0.065625 0.032407