4 0.647396 0.486574 0.129167 0.223148
4 0.946094 0.527778 0.105729 0.079630
4 0.518750 0.720370 0.130208 0.116667
4 0.052344 0.887500 0.104688 0.141667
4 0.219010 0.141667 0.036979 0.068519
4 0.056250 0.636111 0.111458 0.077778
4 0.778385 0.243056 0.076563 0.065741
4 0.437240 0.232870 0.024479 0.036111
4 0.746875 0.312037 0.067708 0.070370
4 0.784635 0.604630 0.046354 0.118519
4 0.812500 0.919444 0.141667 0.157407
6 0.078385 0.422685 0.155729 0.228704
4 0.583073 0.489815 0.106771 0.162963
4 0.743490 0.346296 0.079687 0.061111
4 0.809635 0.474074 0.116146 0.166667
9 0.333073 0.872222 0.186979 0.181481
4 0.966927 0.431481 0.066146 0.098148
4 0.698698 0.401389 0.064062 0.078704
4 0.622917 0.723611 0.135417 0.078704
4 0.205990 0.713889 0.078646 0.064815
4 0.678125 0.654167 0.059375 0.056481
4 0.725000 0.640741 0.042708 0.092593
4 0.869271 0.732407 0.103125 0.077778