9 0.026042 0.373148 0.051042 0.103704
4 0.564323 0.905556 0.208854 0.188889
4 0.423958 0.612037 0.235417 0.140741
4 0.597917 0.676389 0.101042 0.093519
4 0.961719 0.258333 0.076563 0.118519
4 0.439583 0.680556 0.232292 0.166667
4 0.825260 0.681481 0.214062 0.192593
4 0.817187 0.617593 0.164583 0.120370
4 0.867969 0.559722 0.264062 0.399074
4 0.600260 0.516667 0.161979 0.255556
4 0.858594 0.300000 0.102604 0.105556
4 0.192969 0.495370 0.085938 0.066667
4 0.777865 0.404630 0.192188 0.159259
4 0.406510 0.365741 0.214062 0.146296
4 0.413542 0.543056 0.061458 0.041667
4 0.980990 0.496759 0.038021 0.065741
4 0.696354 0.601389 0.059375 0.247222
4 0.818490 0.901389 0.281771 0.195370
4 0.887240 0.845833 0.167187 0.195370
4 0.196094 0.599537 0.109896 0.152778
4 0.532813 0.309722 0.020833 0.069444
4 0.480208 0.818056 0.193750 0.182407