6 0.602083 0.220370 0.073958 0.137037
4 0.597917 0.362037 0.087500 0.192593
4 0.220312 0.472685 0.110417 0.121296
4 0.769010 0.453241 0.160938 0.180556
4 0.462240 0.159259 0.038021 0.105556
4 0.820312 0.350926 0.138542 0.150000
4 0.568490 0.745833 0.093229 0.169444
4 0.199740 0.279167 0.117188 0.095370
4 0.735417 0.178241 0.223958 0.180556
4 0.490885 0.220370 0.016146 0.037037
4 0.754687 0.603704 0.196875 0.161111
4 0.656250 0.363889 0.125000 0.142593
4 0.295573 0.353704 0.074479 0.175926
4 0.634896 0.462963 0.194792 0.166667
4 0.472917 0.327778 0.166667 0.142593
4 0.725521 0.525463 0.083333 0.041667
4 0.626042 0.722685 0.066667 0.217593
4 0.923438 0.313426 0.028125 0.075000
4 0.752865 0.285185 0.079687 0.094444
4 0.041406 0.211574 0.082812 0.213889
4 0.913542 0.527778 0.138542 0.100000