9 0.177344 0.154167 0.098437 0.126852
9 0.392448 0.487963 0.177604 0.170370
4 0.221094 0.405556 0.080729 0.174074
4 0.301563 0.317130 0.200000 0.197222
4 0.892448 0.172222 0.038021 0.044444
4 0.774219 0.012500 0.027604 0.025000
4 0.064844 0.080556 0.040104 0.114815
4 0.187240 0.076852 0.040104 0.061111
4 0.008594 0.463889 0.017188 0.105556
4 0.651563 0.137963 0.019792 0.055556
4 0.874740 0.249074 0.042188 0.066667
4 0.894271 0.498611 0.048958 0.052778
4 0.669010 0.155556 0.028646 0.066667
4 0.150521 0.275463 0.106250 0.145370
4 0.838542 0.337500 0.101042 0.117593
4 0.174740 0.512500 0.079687 0.256481
4 0.847917 0.031019 0.071875 0.054630
4 0.446615 0.436574 0.059896 0.315741
4 0.133594 0.357407 0.103646 0.094444
4 0.824740 0.221759 0.054688 0.060185
4 0.432292 0.423611 0.088542 0.106481
4 0.896615 0.434722 0.095312 0.136111
4 0.972917 0.251852 0.054167 0.098148
4 0.154167 0.079630 0.064583 0.105556
4 0.590885 0.623611 0.166146 0.267593
4 0.915365 0.300463 0.089063 0.171296
4 0.955990 0.450000 0.088021 0.137037
4 0.727865 0.175463 0.035937 0.041667
4 0.866667 0.123148 0.060417 0.070370
4 0.809896 0.160648 0.123958 0.087963
4 0.159115 0.443519 0.128646 0.177778
4 0.050781 0.303241 0.082812 0.136111
4 0.971615 0.332407 0.055729 0.105556
4 0.098698 0.103241 0.065104 0.106481
4 0.047917 0.187963 0.040625 0.112963
4 0.964844 0.048148 0.059896 0.096296
4 0.699219 0.132870 0.031771 0.065741
4 0.496094 0.378704 0.093229 0.200000
4 0.732292 0.136574 0.033333 0.045370
4 0.496094 0.168519 0.114062 0.244444
4 0.943750 0.156019 0.106250 0.117593
4 0.407813 0.299537 0.110417 0.193519
4 0.087240 0.050926 0.025521 0.044444
4 0.339323 0.036574 0.060937 0.073148
4 0.455469 0.173611 0.103646 0.213889
4 0.138021 0.022222 0.051042 0.044444
4 0.035417 0.068056 0.034375 0.097222
4 0.891146 0.219444 0.077083 0.116667
4 0.751302 0.281481 0.092188 0.081481