9 0.771354 0.598148 0.115625 0.200000
9 0.188021 0.731019 0.187500 0.132407
9 0.878646 0.474074 0.196875 0.170370
9 0.544792 0.402315 0.088542 0.232407
4 0.627344 0.471296 0.088021 0.183333
4 0.943490 0.313889 0.107813 0.257407
4 0.350781 0.054167 0.109896 0.102778
4 0.054167 0.436111 0.090625 0.135185
4 0.319792 0.105556 0.062500 0.059259
4 0.516667 0.021759 0.035417 0.041667
4 0.836458 0.362963 0.151042 0.135185
4 0.127865 0.327315 0.127604 0.078704
4 0.331250 0.208333 0.062500 0.159259
4 0.240625 0.008333 0.100000 0.016667
4 0.319010 0.325000 0.148438 0.175926
4 0.981771 0.390741 0.035417 0.111111
4 0.397917 0.394444 0.233333 0.172222
4 0.964063 0.537963 0.070833 0.181481
4 0.549740 0.668519 0.063021 0.255556
4 0.850260 0.150926 0.077604 0.059259
4 0.705208 0.651852 0.071875 0.320370
4 0.746615 0.219907 0.022396 0.076852
4 0.483333 0.167593 0.087500 0.112963
4 0.605208 0.245370 0.153125 0.196296
4 0.497396 0.055556 0.026042 0.048148
4 0.801042 0.460648 0.064583 0.137963
4 0.191146 0.422685 0.222917 0.282407
4 0.914062 0.276852 0.169792 0.187037
4 0.771354 0.066667 0.051042 0.062963
4 0.649219 0.181019 0.040104 0.063889
4 0.072135 0.554630 0.142187 0.144444
4 0.669271 0.335648 0.123958 0.121296
4 0.264062 0.187963 0.056250 0.127778
4 0.724740 0.447685 0.113021 0.175000
4 0.486198 0.637500 0.138021 0.167593
4 0.594271 0.040741 0.029167 0.048148
4 0.845313 0.210648 0.047917 0.060185
4 0.702865 0.196759 0.076563 0.091667
4 0.303906 0.503241 0.171354 0.186111
4 0.437240 0.054167 0.034896 0.049074