1 0.674740 0.448148 0.027604 0.038889
9 0.342708 0.648148 0.177083 0.157407
9 0.421615 0.612500 0.094271 0.086111
8 0.341667 0.352315 0.022917 0.025000
8 0.321615 0.306019 0.038021 0.036111
8 0.285938 0.295833 0.040625 0.037963
8 0.342448 0.258333 0.059896 0.053704
8 0.543490 0.341667 0.048438 0.042593
8 0.576562 0.312963 0.045833 0.053704
8 0.623177 0.353704 0.036979 0.046296
8 0.700260 0.493519 0.032813 0.033333
8 0.822135 0.464815 0.040104 0.053704
8 0.757031 0.456944 0.031771 0.037963
8 0.346875 0.321759 0.033333 0.036111
8 0.363802 0.344907 0.025521 0.032407
8 0.404167 0.366204 0.040625 0.034259
8 0.369271 0.326852 0.016667 0.031481
8 0.442708 0.484259 0.026042 0.042593
8 0.431510 0.445833 0.030729 0.045370
4 0.661719 0.368519 0.026562 0.020370
4 0.548958 0.373148 0.020833 0.022222
4 0.455469 0.402778 0.026562 0.027778
4 0.404427 0.256944 0.016146 0.028704
4 0.510938 0.384722 0.008333 0.012037
4 0.492448 0.466667 0.015104 0.029630
4 0.431510 0.381944 0.023438 0.045370
4 0.684635 0.372685 0.015104 0.019444
4 0.267708 0.393056 0.027083 0.032407
4 0.408333 0.381944 0.018750 0.015741
4 0.154167 0.389352 0.126042 0.104630
4 0.649479 0.407870 0.034375 0.026852
4 0.445833 0.352315 0.009375 0.019444
4 0.479687 0.441204 0.033333 0.054630
4 0.395313 0.318056 0.014583 0.015741
4 0.578646 0.400463 0.026042 0.017593
4 0.485417 0.402778 0.023958 0.033333
4 0.289844 0.424537 0.022396 0.043519
4 0.536719 0.392593 0.008854 0.014815
4 0.438281 0.271296 0.013021 0.024074
4 0.472135 0.345370 0.010937 0.016667
4 0.399740 0.415741 0.017188 0.025926
4 0.256771 0.406481 0.026042 0.031481
4 0.405469 0.443056 0.016146 0.015741
4 0.592969 0.456944 0.023438 0.025000
4 0.576823 0.385185 0.034896 0.033333
4 0.419010 0.302778 0.009896 0.020370
4 0.548438 0.385648 0.007292 0.017593
4 0.454167 0.444444 0.008333 0.035185
4 0.516146 0.431944 0.021875 0.036111
4 0.616667 0.443519 0.030208 0.022222
4 0.759635 0.500463 0.027604 0.028704
4 0.396875 0.334259 0.030208 0.024074
4 0.162500 0.341667 0.030208 0.031481
4 0.612240 0.394444 0.033854 0.035185
4 0.232813 0.352315 0.021875 0.047222