4 0.324479 0.468981 0.059375 0.067593
4 0.697656 0.512963 0.058854 0.074074
4 0.720833 0.682870 0.033333 0.073148
4 0.660937 0.437037 0.032292 0.038889
4 0.063281 0.170833 0.024479 0.039815
4 0.319271 0.335185 0.050000 0.042593
4 0.694271 0.772685 0.084375 0.086111
4 0.480729 0.593056 0.055208 0.056481
4 0.538802 0.637037 0.061979 0.055556
4 0.484115 0.303704 0.022396 0.072222
4 0.636458 0.845833 0.075000 0.089815
4 0.161979 0.491204 0.030208 0.067593
4 0.309115 0.501389 0.035937 0.063889
4 0.504167 0.412500 0.026042 0.036111
4 0.809896 0.714352 0.067708 0.093519
4 0.950781 0.976852 0.097396 0.044444
4 0.118490 0.328241 0.023438 0.036111
4 0.961458 0.940278 0.073958 0.091667
4 0.520052 0.675926 0.059896 0.051852
4 0.110417 0.360648 0.035417 0.043519
4 0.613281 0.402315 0.024479 0.056481
4 0.194792 0.301389 0.059375 0.093519
8 0.693490 0.912037 0.099479 0.066667