11 0.698958 0.369725 0.050000 0.115596
11 0.624479 0.700000 0.115625 0.100917
11 0.375260 0.483486 0.069271 0.078899
11 0.600521 0.155963 0.078125 0.102752
11 0.558073 0.231193 0.061979 0.080734
11 0.153646 0.477982 0.071875 0.060550
11 0.532292 0.266972 0.056250 0.078899
11 0.740885 0.422936 0.054688 0.148624
11 0.482292 0.220183 0.068750 0.121101
11 0.772917 0.324771 0.104167 0.066055
11 0.579167 0.327523 0.104167 0.082569
11 0.525781 0.548165 0.057813 0.156881
11 0.512500 0.692661 0.083333 0.188991