11 0.323177 0.676147 0.196354 0.089908
11 0.426823 0.864220 0.099479 0.271560
11 0.317969 0.844037 0.198437 0.146789
11 0.326823 0.412844 0.116146 0.146789
11 0.574479 0.356881 0.073958 0.211009
11 0.476823 0.191743 0.132812 0.100917
11 0.404687 0.306422 0.088542 0.135780
11 0.222396 0.795413 0.184375 0.141284
11 0.522656 0.906881 0.057813 0.129358
11 0.065365 0.446789 0.128646 0.100917
11 0.614323 0.208257 0.082812 0.130275
11 0.479687 0.326606 0.080208 0.165138
11 0.156771 0.062844 0.067708 0.070642
11 0.626042 0.897248 0.102083 0.205505