11 0.563021 0.344037 0.046875 0.148624
11 0.419792 0.299541 0.095833 0.100000
11 0.415885 0.174312 0.071354 0.082569
11 0.344792 0.592202 0.085417 0.244954
11 0.328385 0.144954 0.058854 0.099083
11 0.601302 0.416055 0.054688 0.134862
11 0.476562 0.094954 0.078125 0.098165
11 0.163021 0.500000 0.088542 0.110092
11 0.299740 0.811468 0.075521 0.259633
11 0.659115 0.296330 0.106771 0.084404
11 0.388021 0.214220 0.055208 0.090826
11 0.424740 0.051835 0.041146 0.103670
11 0.436198 0.828899 0.130729 0.144037