11 0.319010 0.702294 0.101562 0.277982
11 0.420312 0.387615 0.103125 0.105505
11 0.035937 0.514220 0.070833 0.081651
11 0.385417 0.308716 0.054167 0.088991
11 0.482031 0.193119 0.078646 0.088991
11 0.569271 0.436697 0.053125 0.144954
11 0.437760 0.951835 0.128646 0.092661
11 0.126562 0.603670 0.080208 0.119266
11 0.254167 0.909174 0.082292 0.179817
11 0.327083 0.244495 0.053125 0.090826
11 0.615885 0.505046 0.051562 0.129358
11 0.425781 0.132110 0.034896 0.126606
11 0.667708 0.379358 0.111458 0.076147
11 0.416406 0.266514 0.063021 0.072477
11 0.644792 0.449541 0.041667 0.106422