11 0.400521 0.499541 0.046875 0.123853
11 0.677083 0.394495 0.053125 0.126606
11 0.495573 0.752752 0.128646 0.189908
11 0.847917 0.902752 0.072917 0.194495
11 0.727344 0.378440 0.057813 0.105505
11 0.832292 0.743578 0.101042 0.158716
11 0.791927 0.223394 0.055729 0.140367
11 0.960938 0.776147 0.078125 0.185321
11 0.660417 0.268807 0.059375 0.111927
11 0.833073 0.340826 0.089063 0.147706
11 0.682813 0.522477 0.123958 0.068807
11 0.935677 0.897706 0.070312 0.202752
11 0.378906 0.897706 0.090104 0.202752