11 0.321615 0.724312 0.038021 0.096330
11 0.552865 0.508716 0.069271 0.140367
11 0.739583 0.595872 0.106250 0.105505
11 0.826823 0.692202 0.075521 0.160550
11 0.538021 0.963303 0.082292 0.071560
11 0.709896 0.805505 0.053125 0.212844
11 0.725521 0.306881 0.047917 0.077982
11 0.499219 0.617431 0.097396 0.071560
11 0.403646 0.892202 0.100000 0.107339
11 0.374219 0.710550 0.055729 0.061468
11 0.584635 0.758257 0.043229 0.133028
11 0.365625 0.592202 0.052083 0.112844
11 0.623958 0.379358 0.051042 0.072477
11 0.651302 0.504128 0.047396 0.118349