11 0.540625 0.622936 0.141667 0.132110
11 0.327865 0.518349 0.065104 0.157798
11 0.434635 0.956422 0.132812 0.087156
11 0.352344 0.659633 0.078646 0.056881
11 0.712240 0.105046 0.079687 0.177064
11 0.777083 0.166972 0.057292 0.146789
11 0.860938 0.522018 0.084375 0.132110
11 0.482812 0.093578 0.067708 0.187156
11 0.859896 0.685780 0.058333 0.169725
11 0.384375 0.112844 0.076042 0.223853
11 0.617708 0.423394 0.119792 0.239450
11 0.764583 0.383945 0.062500 0.241284
11 0.359115 0.735780 0.099479 0.100917
11 0.821875 0.842661 0.038542 0.195413
11 0.671875 0.835321 0.052083 0.208257
11 0.923177 0.669266 0.077604 0.252294
11 0.741146 0.645872 0.116667 0.086239
11 0.183073 0.950459 0.069271 0.099083