11 0.464062 0.821560 0.117708 0.145872
11 0.584375 0.357798 0.047917 0.154128
11 0.623958 0.425229 0.052083 0.123853
11 0.679167 0.305505 0.089583 0.089908
11 0.204167 0.516055 0.081250 0.111009
11 0.442448 0.318349 0.101562 0.122936
11 0.376563 0.606422 0.094792 0.244037
11 0.341406 0.801376 0.086979 0.252294
11 0.657292 0.370183 0.052083 0.105505
11 0.438021 0.190367 0.071875 0.094495
11 0.494792 0.108716 0.085417 0.125688
11 0.348438 0.172018 0.059375 0.116514
11 0.408073 0.231193 0.051562 0.091743