4 0.816125 0.385333 0.179750 0.062000
4 0.439625 0.434167 0.037250 0.044333
4 0.034250 0.581167 0.068500 0.041000
4 0.411375 0.382667 0.033750 0.028667
4 0.172875 0.471667 0.097750 0.045333
4 0.155500 0.526500 0.135500 0.049000
4 0.349875 0.313167 0.080750 0.041000
4 0.398125 0.740667 0.077250 0.070000
4 0.065750 0.437333 0.122500 0.052667
4 0.414500 0.348000 0.045500 0.041333
4 0.206125 0.647000 0.093250 0.056667
4 0.268375 0.392167 0.110750 0.044333
4 0.487250 0.343833 0.022000 0.043667
4 0.362000 0.434500 0.077500 0.048333
4 0.455625 0.379000 0.041250 0.044667
4 0.286375 0.545167 0.089750 0.052333
4 0.335125 0.524500 0.067250 0.048333
4 0.831125 0.542333 0.174250 0.066000
4 0.208875 0.603333 0.117250 0.064000
4 0.393750 0.466500 0.044500 0.063000
4 0.158625 0.804500 0.028750 0.058333
4 0.029625 0.725667 0.059250 0.047333
4 0.326750 0.417667 0.077500 0.037333
4 0.314000 0.347167 0.091000 0.046333
4 0.585500 0.646500 0.145500 0.119000
4 0.925000 0.729333 0.150000 0.103333
4 0.738125 0.295167 0.035750 0.035000
4 0.946375 0.290500 0.035750 0.035000