4 0.527375 0.204500 0.024250 0.036333
4 0.900250 0.375667 0.051000 0.056000
4 0.347375 0.471833 0.035750 0.052333
4 0.571750 0.278667 0.032000 0.032000
4 0.129750 0.468167 0.074000 0.047667
4 0.661000 0.280167 0.041000 0.039000
4 0.139375 0.223167 0.031250 0.031000
4 0.535125 0.128333 0.024250 0.037333
4 0.121000 0.572167 0.127000 0.047667
4 0.394500 0.139500 0.034000 0.040333
4 0.609750 0.119500 0.036500 0.027000
4 0.196250 0.435667 0.061000 0.031333
4 0.824375 0.277167 0.030250 0.043000
4 0.338500 0.419333 0.044000 0.028000
4 0.264750 0.196333 0.025000 0.026667
4 0.223000 0.189833 0.026000 0.026333
4 0.736500 0.701167 0.057500 0.065667
4 0.790375 0.064333 0.022250 0.024000
4 0.162250 0.374333 0.068500 0.052000
4 0.203250 0.503000 0.047500 0.040000
8 0.216625 0.095333 0.142750 0.117333
10 0.910125 0.538833 0.072750 0.119000
4 0.881000 0.485000 0.040500 0.046000
4 0.719125 0.457167 0.033250 0.038333
4 0.758875 0.466667 0.041750 0.041333
4 0.471500 0.419833 0.050000 0.039667
4 0.762500 0.320500 0.053500 0.047667
4 0.028000 0.540500 0.051000 0.061667