4 0.465000 0.561667 0.047000 0.068667
4 0.727125 0.155167 0.029750 0.039000
4 0.781500 0.139333 0.039500 0.034667
4 0.773000 0.096333 0.032000 0.034000
4 0.737625 0.097167 0.023250 0.038333
4 0.503000 0.129667 0.017500 0.034000
4 0.650500 0.217000 0.024000 0.025333
4 0.299875 0.430667 0.039750 0.058667
4 0.570625 0.536000 0.030750 0.018667
4 0.616125 0.535000 0.067750 0.045333
4 0.696750 0.608833 0.047500 0.033000
4 0.768375 0.585167 0.042250 0.043667
4 0.597000 0.667667 0.024000 0.052667
4 0.585125 0.333500 0.052750 0.032333
4 0.819125 0.279333 0.011250 0.020667
4 0.353375 0.408667 0.031750 0.035333
4 0.443375 0.488833 0.022250 0.041000