4 0.511625 0.611500 0.039750 0.039667
4 0.141750 0.034167 0.034000 0.034333
4 0.103125 0.549500 0.051750 0.059667
4 0.427875 0.235333 0.025750 0.027333
4 0.412875 0.316833 0.030250 0.034333
4 0.311000 0.389000 0.048500 0.043333
4 0.385125 0.736000 0.062250 0.044000
4 0.079875 0.197333 0.037750 0.030000
4 0.352750 0.173667 0.022000 0.023333
4 0.927000 0.747333 0.094000 0.128667
4 0.563500 0.723333 0.050000 0.092667
4 0.603500 0.588667 0.033000 0.064667
4 0.554000 0.507667 0.037000 0.061333
4 0.362750 0.419667 0.030500 0.022667
4 0.279500 0.482333 0.027000 0.048000
4 0.110000 0.386333 0.031000 0.053333
4 0.267000 0.305333 0.029000 0.024667
4 0.357500 0.394333 0.032000 0.025333
4 0.219750 0.247333 0.020500 0.018000
4 0.141250 0.062667 0.041500 0.031333