4 0.518000 0.351833 0.029500 0.023000
4 0.270500 0.384833 0.062500 0.041000
4 0.435000 0.386167 0.038000 0.039000
4 0.246250 0.431000 0.040000 0.028000
4 0.878000 0.582333 0.022000 0.051333
4 0.366500 0.428000 0.027000 0.020000
4 0.409500 0.536667 0.030000 0.028000
4 0.590250 0.438667 0.022500 0.028000
4 0.649000 0.436000 0.034000 0.028000
4 0.542500 0.365667 0.033000 0.024667
4 0.472000 0.336667 0.014000 0.026667
4 0.567500 0.200000 0.019000 0.041333
4 0.239500 0.359667 0.043000 0.044667
4 0.279250 0.360667 0.039500 0.018667
4 0.259500 0.517000 0.031000 0.022000