4 0.017375 0.072500 0.029750 0.037667
4 0.300875 0.397667 0.049250 0.040667
4 0.071625 0.512333 0.041250 0.068667
4 0.318875 0.268167 0.034750 0.028333
4 0.738125 0.253333 0.037250 0.044667
4 0.227000 0.430333 0.054000 0.040667
4 0.619375 0.403167 0.050250 0.043000
4 0.193125 0.125333 0.040750 0.038000
4 0.741750 0.646000 0.049500 0.053333
4 0.225625 0.142167 0.036750 0.037000
4 0.620000 0.227167 0.070500 0.071667
4 0.449500 0.149667 0.048000 0.036667
4 0.579500 0.862833 0.093000 0.076333
4 0.273875 0.084833 0.019750 0.029667
4 0.335625 0.188833 0.032250 0.030333
4 0.165000 0.434333 0.031000 0.068667
4 0.634125 0.359167 0.043750 0.033667
4 0.258125 0.627333 0.038250 0.036000
4 0.495500 0.252167 0.032500 0.040333
4 0.667375 0.453667 0.030250 0.042000
4 0.612750 0.474500 0.036000 0.027000
4 0.691500 0.087500 0.040500 0.058333
4 0.617875 0.160167 0.025750 0.047667
4 0.275500 0.351833 0.032500 0.027000
4 0.230500 0.403333 0.028000 0.031333
4 0.428125 0.176667 0.021250 0.050667
4 0.393875 0.592167 0.042750 0.088333