4 0.678000 0.138667 0.041000 0.042667
4 0.435375 0.294333 0.023750 0.022000
4 0.697250 0.655833 0.037500 0.043000
4 0.418000 0.452167 0.037500 0.033000
4 0.219875 0.160667 0.022750 0.045333
4 0.482875 0.270333 0.049750 0.034000
4 0.862000 0.488000 0.128000 0.191333
4 0.681875 0.372833 0.030250 0.021000
4 0.553875 0.264167 0.030250 0.022333
4 0.335000 0.367500 0.028000 0.019667
4 0.434375 0.426500 0.020250 0.015000
4 0.145125 0.833833 0.030250 0.081000
4 0.688000 0.602500 0.036000 0.031667
4 0.645875 0.306833 0.084250 0.063000