4 0.844709 0.115863 0.175713 0.210526
10 0.018366 0.044225 0.036732 0.088450
7 0.373904 0.482091 0.622259 0.603801
4 0.722725 0.435124 0.058936 0.150950
4 0.946409 0.749635 0.107182 0.095760
4 0.952029 0.382858 0.095943 0.083699
4 0.933114 0.512792 0.133772 0.088450
4 0.731634 0.782164 0.089364 0.164474
4 0.702440 0.902778 0.078125 0.194444
4 0.796053 0.948099 0.153509 0.103801
4 0.858416 0.783626 0.113761 0.178363
4 0.809211 0.881762 0.141996 0.168494
4 0.784814 0.652961 0.127741 0.120980
4 0.963816 0.447551 0.072368 0.063962
4 0.961760 0.258589 0.076480 0.142909