10 0.284128 0.230446 0.075384 0.133406
4 0.493147 0.456140 0.195175 0.090643
10 0.447094 0.124452 0.091009 0.138523
10 0.433799 0.331871 0.073739 0.072368
4 0.785636 0.211988 0.146930 0.124269
4 0.777549 0.317800 0.136239 0.065424
4 0.941338 0.260599 0.114583 0.068713
4 0.953673 0.367507 0.092654 0.072003
4 0.929276 0.403509 0.137061 0.057749
4 0.975603 0.449013 0.048794 0.044225
4 0.958196 0.516447 0.083607 0.086257
4 0.921053 0.603070 0.067434 0.062135
4 0.981497 0.627376 0.037007 0.042032
4 0.976014 0.657712 0.047971 0.063231
4 0.799342 0.738670 0.109649 0.131579
4 0.898163 0.733735 0.131305 0.050804
4 0.949698 0.744700 0.069901 0.080044
4 0.932703 0.809576 0.112116 0.087719
4 0.885691 0.818896 0.157895 0.048611
4 0.878564 0.864401 0.043860 0.055556
7 0.469984 0.548428 0.703125 0.495980
4 0.874589 0.058297 0.075384 0.093202
4 0.799479 0.052997 0.046875 0.103801
4 0.605126 0.053180 0.117599 0.084430
4 0.491365 0.050439 0.098958 0.056287
4 0.084430 0.177449 0.129386 0.088085
10 0.033032 0.180373 0.066064 0.106360