5 0.104000 0.749254 0.140000 0.095522
5 0.301000 0.413433 0.114000 0.074627
5 0.534000 0.831343 0.112000 0.068657
5 0.556000 0.694030 0.092000 0.074627
5 0.148000 0.794030 0.104000 0.071642
5 0.466000 0.665672 0.064000 0.125373
5 0.196000 0.502985 0.108000 0.074627
5 0.551000 0.561194 0.102000 0.065672
5 0.403000 0.479104 0.122000 0.074627
5 0.321000 0.767164 0.126000 0.083582
5 0.763000 0.801493 0.118000 0.098507
5 0.641000 0.476119 0.078000 0.086567
5 0.696000 0.552239 0.100000 0.089552
5 0.775000 0.595522 0.082000 0.062687
5 0.845000 0.732836 0.082000 0.062687