5 0.369667 0.546541 0.154000 0.080273
5 0.612667 0.296328 0.204000 0.112724
5 0.324667 0.399658 0.189333 0.145175
5 0.849667 0.788642 0.136667 0.159693
5 0.636667 0.677626 0.154667 0.070880
5 0.127333 0.593083 0.170667 0.169940
5 0.705667 0.540564 0.127333 0.083689
5 0.219333 0.332195 0.181333 0.099061
5 0.680333 0.360376 0.162000 0.068318
5 0.372667 0.444919 0.156000 0.107600
5 0.838667 0.670794 0.142667 0.069172
5 0.932667 0.794620 0.130667 0.175064
5 0.701000 0.593937 0.206000 0.084543
5 0.150000 0.440649 0.198667 0.128096
5 0.831333 0.545260 0.149333 0.152861
5 0.730667 0.437233 0.109333 0.059778
5 0.925000 0.576003 0.146000 0.151153
5 0.395667 0.579846 0.196667 0.109308
4 0.702667 0.181896 0.025333 0.037575
5 0.033000 0.424424 0.066000 0.100769
5 0.602000 0.479505 0.214667 0.108454
5 0.322000 0.508540 0.182667 0.120410
5 0.304000 0.371477 0.158667 0.140051
5 0.494667 0.377455 0.193333 0.102477
5 0.143333 0.321093 0.150667 0.073442
5 0.479667 0.370196 0.156667 0.142613
4 0.816000 0.110162 0.090667 0.090521
4 0.785667 0.320239 0.039333 0.037575
4 0.537000 0.013664 0.031333 0.027327
4 0.892667 0.334757 0.026667 0.017079
4 0.857000 0.298036 0.016667 0.030743
4 0.339000 0.074295 0.019333 0.035867
4 0.406333 0.099915 0.014000 0.022203