5 0.186364 0.183924 0.114545 0.084469
5 0.384545 0.405995 0.136364 0.108992
5 0.633636 0.598093 0.118182 0.111717
5 0.120909 0.697548 0.143636 0.152589
5 0.193636 0.559946 0.150909 0.106267
5 0.891818 0.418256 0.070909 0.122616
5 0.380000 0.865123 0.181818 0.095368
5 0.518182 0.370572 0.192727 0.108992
5 0.807273 0.843324 0.072727 0.144414
5 0.557273 0.752044 0.161818 0.130790
5 0.858182 0.629428 0.127273 0.092643
5 0.425455 0.179837 0.134545 0.103542
6 0.612727 0.493188 0.094545 0.103542
5 0.689091 0.843324 0.090909 0.138965
5 0.338182 0.679837 0.214545 0.220708
5 0.043636 0.137602 0.087273 0.073569
5 0.114545 0.292916 0.112727 0.073569
5 0.762727 0.505450 0.100000 0.122616
5 0.836364 0.474114 0.061818 0.108992