5 0.183750 0.731667 0.080000 0.173333
4 0.361875 0.348333 0.091250 0.070000
5 0.093750 0.670833 0.067500 0.148333
4 0.865625 0.345833 0.041250 0.065000
5 0.088750 0.402500 0.092500 0.138333
5 0.366875 0.416667 0.073750 0.083333
5 0.877500 0.460000 0.057500 0.083333
5 0.276875 0.500000 0.053750 0.110000
5 0.444375 0.506667 0.111250 0.086667
5 0.351875 0.680833 0.098750 0.108333
5 0.215000 0.669167 0.130000 0.058333
5 0.327500 0.567500 0.070000 0.095000
5 0.741875 0.444167 0.046250 0.105000
5 0.678750 0.534167 0.080000 0.071667
4 0.459375 0.352500 0.091250 0.055000
4 0.409375 0.284167 0.071250 0.048333
4 0.800625 0.230000 0.068750 0.060000
5 0.779375 0.340833 0.038750 0.075000
4 0.753125 0.560000 0.066250 0.113333
5 0.551250 0.549167 0.050000 0.118333
4 0.808750 0.401667 0.045000 0.073333
4 0.668750 0.395833 0.067500 0.085000
4 0.606250 0.400833 0.080000 0.051667
4 0.722500 0.299167 0.077500 0.055000
4 0.660000 0.300000 0.055000 0.050000
4 0.704375 0.280833 0.061250 0.045000
4 0.623125 0.308333 0.046250 0.056667