5 0.439335 0.438615 0.187790 0.151433
5 0.766615 0.225257 0.122102 0.308816
5 0.623454 0.379394 0.176584 0.162791
5 0.213099 0.261493 0.375193 0.171444
5 0.233578 0.617902 0.166538 0.128177
5 0.683346 0.591130 0.096986 0.218496
5 0.479328 0.524337 0.213679 0.123851
5 0.909196 0.751217 0.177743 0.155760
5 0.779173 0.609789 0.241499 0.202812
5 0.249420 0.791779 0.206723 0.178475
5 0.675811 0.142239 0.188563 0.184965
5 0.437210 0.587615 0.277048 0.121687
5 0.167117 0.688751 0.296368 0.158464
5 0.085394 0.897783 0.132921 0.204435
5 0.879830 0.056517 0.104328 0.113034
5 0.957883 0.623039 0.081917 0.178475
5 0.654173 0.913737 0.091190 0.172526
5 0.475850 0.744186 0.103168 0.159005
5 0.578053 0.260411 0.230294 0.117361
5 0.666151 0.458085 0.163833 0.129800
5 0.860510 0.434289 0.153787 0.133045
5 0.816847 0.323148 0.063369 0.195241
5 0.559892 0.351271 0.192427 0.209302
5 0.581144 0.577339 0.156878 0.201731
5 0.736283 0.777177 0.059119 0.134127
5 0.133114 0.545971 0.051391 0.288264
5 0.298493 0.882098 0.224498 0.123310
5 0.645093 0.838021 0.198223 0.159546
5 0.702859 0.723905 0.090417 0.045971
5 0.605100 0.662520 0.060278 0.147107
5 0.389104 0.858031 0.069552 0.259059
5 0.776275 0.041915 0.056414 0.083829
5 0.951314 0.519470 0.091963 0.106544
5 0.546561 0.740671 0.053709 0.159546
5 0.375386 0.866414 0.196677 0.131963