4 0.896747 0.180101 0.189533 0.193955
5 0.605375 0.549118 0.480905 0.745592
4 0.924328 0.143577 0.148515 0.161209
5 0.617397 0.154912 0.335219 0.274559
4 0.082037 0.617128 0.164074 0.166247
4 0.321075 0.547859 0.158416 0.133501
4 0.041726 0.289673 0.083451 0.156171
4 0.166902 0.437028 0.234795 0.204030
6 0.896747 0.278338 0.192362 0.128463
4 0.205799 0.258186 0.233380 0.138539
4 0.251768 0.146096 0.130127 0.085642
4 0.085573 0.081864 0.171146 0.138539
4 0.896747 0.282116 0.195191 0.125945
4 0.250354 0.706549 0.183876 0.148615