5 0.610000 0.331250 0.130000 0.137500
5 0.356667 0.638750 0.076667 0.102500
5 0.442500 0.530000 0.085000 0.110000
5 0.652500 0.642500 0.201667 0.190000
5 0.242500 0.835000 0.131667 0.225000
5 0.719167 0.403750 0.128333 0.102500
5 0.389167 0.438750 0.071667 0.102500
5 0.470833 0.693750 0.168333 0.257500
5 0.305833 0.707500 0.075000 0.210000
5 0.825000 0.382500 0.183333 0.120000
5 0.728333 0.720000 0.153333 0.110000
4 0.070833 0.558750 0.051667 0.082500
5 0.933333 0.801250 0.106667 0.077500
5 0.638333 0.480000 0.226667 0.155000