5 0.505859 0.475806 0.763672 0.397361
4 0.482422 0.120235 0.050781 0.090909
4 0.808105 0.240469 0.036133 0.041056
4 0.954102 0.315249 0.035156 0.041056
4 0.532715 0.253666 0.041992 0.049853
4 0.150391 0.240469 0.039062 0.041056
4 0.058105 0.346774 0.073242 0.054252
4 0.336914 0.302053 0.031250 0.043988
4 0.382324 0.227273 0.030273 0.046921
4 0.198730 0.348974 0.040039 0.052786
4 0.227051 0.335044 0.034180 0.045455
4 0.684082 0.173021 0.047852 0.032258
4 0.796387 0.105572 0.034180 0.043988
4 0.634766 0.098240 0.033203 0.058651
4 0.039551 0.292522 0.038086 0.048387
4 0.296875 0.015396 0.033203 0.030792
4 0.210938 0.018328 0.037109 0.030792
4 0.063965 0.043255 0.038086 0.030792
4 0.015137 0.095308 0.022461 0.038123
4 0.138184 0.101173 0.061523 0.041056
4 0.213867 0.154692 0.033203 0.045455
4 0.276367 0.098240 0.046875 0.038123
4 0.537598 0.094575 0.040039 0.045455
4 0.605957 0.728739 0.063477 0.064516