4 0.070769 0.249477 0.047692 0.032427
4 0.321923 0.616632 0.106923 0.082636
4 0.945769 0.077929 0.028462 0.028243
5 0.484231 0.686715 0.336154 0.218619
5 0.671154 0.455544 0.166923 0.095188
6 0.316538 0.558577 0.060769 0.050209
6 0.421154 0.762552 0.113077 0.083682
6 0.384231 0.871862 0.068462 0.063808
5 0.532692 0.322699 0.190000 0.139121
5 0.128846 0.835251 0.190000 0.141213
6 0.480385 0.788703 0.097692 0.087866
5 0.705769 0.575837 0.374615 0.224895
4 0.055000 0.211297 0.034615 0.025105
5 0.229615 0.264121 0.243846 0.120293
6 0.339231 0.667887 0.087692 0.059623
4 0.165000 0.436715 0.071538 0.061715
5 0.382308 0.289749 0.152308 0.121339
4 0.983077 0.026674 0.026154 0.021967
6 0.476923 0.847280 0.110769 0.054393
5 0.608462 0.226464 0.210769 0.114017
5 0.325000 0.437762 0.300769 0.178870
6 0.667692 0.811192 0.107692 0.055439
6 0.478462 0.583159 0.069231 0.042887
8 0.261923 0.770921 0.096154 0.092050
6 0.406154 0.596757 0.069231 0.042887
4 0.135769 0.117678 0.065385 0.044979