5 0.496923 0.405312 0.163077 0.200924
5 0.245385 0.534642 0.118462 0.191686
5 0.440769 0.542725 0.115385 0.152425
5 0.559231 0.606236 0.124615 0.210162
5 0.348462 0.585450 0.103077 0.200924
5 0.234615 0.690531 0.100000 0.198614
5 0.470769 0.685912 0.095385 0.189376
5 0.648462 0.541570 0.075385 0.214781
5 0.665385 0.392610 0.109231 0.157044
5 0.842308 0.428406 0.198462 0.173210
5 0.360769 0.739030 0.133846 0.189376
5 0.737692 0.566975 0.124615 0.177829
5 0.123846 0.609700 0.136923 0.203233
5 0.344615 0.414550 0.116923 0.168591