6 0.352051 0.883464 0.141602 0.113281
6 0.575195 0.878255 0.425781 0.240885
6 0.392578 0.408203 0.447266 0.300781
6 0.311523 0.272786 0.347656 0.175781
4 0.661621 0.077474 0.231445 0.154948
6 0.556641 0.587240 0.546875 0.335938
6 0.127930 0.086589 0.255859 0.173177
6 0.193848 0.642578 0.309570 0.240885
6 0.577637 0.147135 0.290039 0.291667
6 0.815918 0.268880 0.209961 0.233073
6 0.288086 0.777344 0.134766 0.075521
6 0.065918 0.487630 0.131836 0.136719
6 0.540527 0.302734 0.186523 0.136719
6 0.407227 0.080729 0.103516 0.161458
6 0.909668 0.893229 0.180664 0.169271
6 0.924316 0.780599 0.151367 0.136719
6 0.938965 0.636068 0.122070 0.152344
6 0.909668 0.489583 0.178711 0.132812
6 0.987305 0.369792 0.025391 0.106771
6 0.752930 0.432943 0.199219 0.170573
6 0.600586 0.721354 0.445312 0.177083
6 0.066406 0.851562 0.087891 0.208333
6 0.117188 0.833984 0.078125 0.157552
6 0.092285 0.932292 0.065430 0.135417
6 0.111328 0.332031 0.173828 0.138021
6 0.071777 0.246745 0.143555 0.149740
6 0.027344 0.672526 0.054688 0.126302