5 0.271060 0.811594 0.264946 0.166667
5 0.472147 0.631341 0.240489 0.215580
4 0.118207 0.667572 0.073370 0.074275
4 0.085598 0.891304 0.043478 0.061594
5 0.353261 0.250000 0.252717 0.195652
5 0.493207 0.125906 0.201087 0.139493
5 0.613451 0.274457 0.175272 0.128623
5 0.775815 0.636775 0.269022 0.146739
5 0.526495 0.783514 0.235054 0.125000
5 0.325408 0.686594 0.264946 0.155797
5 0.427310 0.355978 0.172554 0.143116
5 0.626359 0.134964 0.135870 0.201087
5 0.740489 0.720109 0.266304 0.114130
5 0.229620 0.538043 0.293478 0.144928
5 0.358016 0.422101 0.245924 0.155797
5 0.720788 0.444746 0.072011 0.128623
6 0.396060 0.949275 0.096467 0.083333
5 0.802989 0.457428 0.165761 0.182971
4 0.924592 0.344203 0.077446 0.039855
4 0.923913 0.527174 0.073370 0.050725
5 0.574049 0.478261 0.273098 0.177536
5 0.695652 0.380435 0.111413 0.094203
5 0.321332 0.796196 0.264946 0.153986
5 0.220788 0.406703 0.074728 0.146739
5 0.496603 0.048007 0.031250 0.088768
5 0.522418 0.326993 0.061141 0.172101
4 0.920516 0.267210 0.017663 0.085145
5 0.551630 0.611413 0.192935 0.106884
4 0.119565 0.623188 0.067935 0.025362