5 0.867778 0.526667 0.260000 0.213333
5 0.162222 0.393333 0.320000 0.173333
5 0.653333 0.555000 0.284444 0.156667
5 0.503333 0.451667 0.371111 0.243333
5 0.137778 0.088333 0.275556 0.170000
5 0.604444 0.738333 0.266667 0.176667
5 0.287778 0.748333 0.402222 0.216667
5 0.261111 0.565000 0.335556 0.176667
5 0.533333 0.293333 0.426667 0.193333
5 0.070000 0.543333 0.140000 0.220000
5 0.882222 0.296667 0.231111 0.186667
5 0.660000 0.075000 0.177778 0.150000
5 0.782222 0.131667 0.191111 0.203333
5 0.290000 0.931667 0.340000 0.136667
5 0.815556 0.705000 0.160000 0.176667
5 0.334444 0.125000 0.335556 0.223333