4 0.213333 0.239362 0.083333 0.111702
4 0.671667 0.320479 0.080000 0.130319
4 0.965000 0.123670 0.063333 0.140957
4 0.509167 0.182181 0.095000 0.103723
4 0.772500 0.421543 0.175000 0.210106
4 0.208333 0.648936 0.126667 0.159574
4 0.369167 0.434840 0.165000 0.178191
4 0.404167 0.098404 0.185000 0.196809
4 0.242500 0.345745 0.125000 0.154255
4 0.731667 0.143617 0.243333 0.271277
4 0.053333 0.493351 0.106667 0.460106
4 0.415000 0.807181 0.216667 0.375000
4 0.883333 0.577128 0.220000 0.324468
4 0.138333 0.304521 0.076667 0.093085
4 0.530833 0.529255 0.278333 0.356383
4 0.675833 0.882979 0.281667 0.234043
4 0.126667 0.747340 0.176667 0.281915
4 0.343333 0.543883 0.093333 0.082447
4 0.217500 0.408245 0.108333 0.098404
4 0.171667 0.878989 0.136667 0.151596
4 0.730000 0.037234 0.186667 0.074468