5 0.824375 0.534709 0.211250 0.198874
5 0.581875 0.126642 0.176250 0.129456
5 0.798125 0.212008 0.166250 0.206379
5 0.516875 0.588180 0.138750 0.215760
5 0.907500 0.303002 0.182500 0.223265
5 0.439375 0.306754 0.226250 0.193246
5 0.478125 0.186679 0.258750 0.136961
5 0.369375 0.758912 0.361250 0.212008
5 0.318125 0.367730 0.276250 0.187617
5 0.715000 0.651032 0.280000 0.217636
5 0.468125 0.546904 0.226250 0.181989
5 0.618750 0.283302 0.200000 0.195122
5 0.201875 0.378987 0.268750 0.187617
5 0.168125 0.566604 0.261250 0.187617
5 0.717500 0.397749 0.185000 0.202627
8 0.728125 0.771107 0.191250 0.127580