5 0.441176 0.698750 0.274510 0.172500
5 0.420752 0.445000 0.089869 0.220000
5 0.235294 0.188750 0.173203 0.297500
5 0.589052 0.257500 0.236928 0.255000
5 0.223856 0.570000 0.212418 0.170000
5 0.445261 0.246250 0.171569 0.197500
5 0.600490 0.718750 0.243464 0.162500
5 0.450163 0.445000 0.142157 0.220000
5 0.575163 0.480000 0.156863 0.245000
5 0.596405 0.897500 0.254902 0.155000
5 0.774510 0.797500 0.316993 0.270000
5 0.150327 0.467500 0.153595 0.125000
5 0.302288 0.443750 0.127451 0.292500
5 0.681373 0.473750 0.084967 0.247500