5 0.977500 0.530048 0.041667 0.069712
5 0.390000 0.407452 0.230000 0.161058
5 0.485000 0.710337 0.203333 0.117788
5 0.320833 0.628606 0.151667 0.084135
5 0.121667 0.908654 0.193333 0.096154
5 0.364167 0.814904 0.168333 0.086538
5 0.218333 0.729567 0.163333 0.108173
5 0.835833 0.585337 0.078333 0.074519
5 0.725000 0.498798 0.143333 0.088942
5 0.407500 0.489183 0.198333 0.137019
5 0.623333 0.413462 0.176667 0.105769
5 0.230833 0.818510 0.151667 0.088942
5 0.564167 0.573317 0.105000 0.079327
5 0.653333 0.584135 0.093333 0.072115