5 0.881250 0.056193 0.237500 0.112385
5 0.634375 0.684633 0.309375 0.355505
5 0.564063 0.530963 0.203125 0.158257
5 0.907813 0.662844 0.184375 0.229358
5 0.540625 0.336009 0.184375 0.153670
5 0.453906 0.696101 0.192188 0.162844
5 0.882031 0.508028 0.235937 0.176606
5 0.605469 0.185780 0.285938 0.160550
5 0.485156 0.058486 0.254688 0.112385
5 0.340625 0.322248 0.246875 0.213303
5 0.894531 0.208716 0.210938 0.151376
5 0.345313 0.192661 0.312500 0.169725
5 0.138281 0.569954 0.276562 0.231651
5 0.173437 0.103211 0.275000 0.155963
5 0.337500 0.556193 0.196875 0.167431
5 0.201563 0.850917 0.306250 0.174312
5 0.820312 0.842890 0.334375 0.176606
5 0.099219 0.355505 0.198437 0.201835