5 0.130965 0.331797 0.112178 0.054531
5 0.042924 0.263633 0.085848 0.057988
5 0.561574 0.541283 0.093527 0.114055
5 0.267005 0.740975 0.100110 0.053379
5 0.156061 0.475230 0.111355 0.071813
5 0.592293 0.786482 0.159901 0.091398
5 0.043061 0.264401 0.086122 0.061060
5 0.580362 0.907834 0.064728 0.166667
5 0.243280 0.298003 0.123971 0.089862
5 0.120406 0.269393 0.057049 0.077189
5 0.141662 0.866743 0.108886 0.081413
5 0.184449 0.223118 0.059517 0.062980
5 0.068157 0.896313 0.122052 0.125960
5 0.660587 0.608103 0.187877 0.144777
5 0.409901 0.543587 0.073231 0.070276
5 0.499451 0.366359 0.098738 0.077573
5 0.184037 0.426075 0.091059 0.053379
5 0.302798 0.645545 0.068020 0.133641