5 0.937000 0.272517 0.122000 0.120092
5 0.189000 0.288684 0.242000 0.180139
5 0.132000 0.621247 0.264000 0.207852
5 0.406000 0.580831 0.288000 0.168591
5 0.459000 0.413395 0.406000 0.221709
5 0.675000 0.391455 0.258000 0.196305
5 0.816000 0.433025 0.344000 0.159353
5 0.932000 0.351039 0.132000 0.157044
5 0.850000 0.658199 0.296000 0.184758
5 0.312000 0.750577 0.420000 0.166282
5 0.705000 0.563510 0.414000 0.184758
5 0.545000 0.271363 0.302000 0.140878
5 0.086000 0.762125 0.172000 0.175520
5 0.040000 0.339492 0.076000 0.101617
5 0.062000 0.475751 0.124000 0.115473
5 0.826000 0.280600 0.112000 0.131640