5 0.218125 0.587160 0.155000 0.083411
5 0.120313 0.115745 0.171875 0.104030
5 0.048438 0.845829 0.096875 0.083411
5 0.300625 0.705248 0.126250 0.098407
5 0.059062 0.643393 0.115625 0.111528
5 0.680937 0.533271 0.139375 0.093721
5 0.308750 0.941425 0.213750 0.109653
5 0.085938 0.478444 0.171875 0.105904
5 0.471875 0.543580 0.188750 0.121837
5 0.268125 0.134958 0.121250 0.080600
5 0.862500 0.501406 0.190000 0.089972
5 0.924063 0.679007 0.151875 0.134021
5 0.455625 0.398313 0.140000 0.099344
5 0.463125 0.203374 0.092500 0.069353
5 0.340313 0.240394 0.163125 0.128397
5 0.534687 0.300375 0.171875 0.102156
5 0.426563 0.107310 0.131875 0.120900
5 0.240000 0.877226 0.202500 0.106842
5 0.048438 0.776476 0.095625 0.081537
5 0.591562 0.458294 0.181875 0.088097
5 0.760312 0.233365 0.225625 0.136832
5 0.843750 0.109653 0.167500 0.097470
5 0.308125 0.788660 0.135000 0.072165
5 0.126875 0.320993 0.173750 0.132146
5 0.537500 0.177132 0.108750 0.089972
5 0.684375 0.766167 0.151250 0.090909
5 0.413750 0.868791 0.137500 0.097470
5 0.022187 0.265698 0.044375 0.089035
5 0.683438 0.134958 0.179375 0.142455
5 0.687813 0.871603 0.198125 0.101218
5 0.730625 0.344424 0.210000 0.107779
5 0.191562 0.179007 0.131875 0.095595
5 0.835000 0.866917 0.197500 0.123711
5 0.773125 0.603561 0.147500 0.080600
5 0.255312 0.387535 0.159375 0.126523
5 0.112500 0.043112 0.206250 0.086223
5 0.544375 0.664011 0.185000 0.100281
5 0.629687 0.692596 0.130625 0.082474
5 0.764062 0.673852 0.141875 0.089972
5 0.353438 0.596532 0.136875 0.089035
5 0.123438 0.659325 0.094375 0.074039
5 0.028750 0.726804 0.057500 0.051546
5 0.179063 0.716026 0.104375 0.086223
4 0.117813 0.955014 0.164375 0.089972
5 0.510312 0.030459 0.080625 0.053421
5 0.480625 0.122306 0.075000 0.070291
5 0.250312 0.033271 0.113125 0.066542
5 0.449688 0.732427 0.126875 0.081537
5 0.725625 0.444236 0.098750 0.095595
5 0.888437 0.337395 0.143125 0.076851
5 0.789375 0.426898 0.071250 0.064667
5 0.854062 0.415183 0.061875 0.056232
5 0.882188 0.813964 0.151875 0.128397
5 0.958125 0.379100 0.083750 0.053421
5 0.243438 0.034208 0.133125 0.068416
5 0.321562 0.043112 0.100625 0.078725
5 0.088125 0.424555 0.173750 0.088097
5 0.396250 0.510778 0.168750 0.088097
5 0.930312 0.045923 0.139375 0.091846
5 0.871250 0.287254 0.071250 0.055295
5 0.563750 0.796157 0.128750 0.111528
5 0.528750 0.105904 0.043750 0.056232
5 0.621563 0.030928 0.086875 0.061856
5 0.190000 0.478913 0.085000 0.076851