5 0.659375 0.677308 0.083750 0.073077
5 0.338125 0.399615 0.035000 0.040769
5 0.412187 0.862692 0.236875 0.114615
5 0.936562 0.576923 0.125625 0.064615
5 0.158125 0.815385 0.112500 0.121538
5 0.333437 0.591923 0.101875 0.070000
5 0.958750 0.538462 0.082500 0.080000
5 0.813125 0.490769 0.078750 0.080000
5 0.843125 0.570769 0.101250 0.072308
5 0.709375 0.557692 0.091250 0.063077
5 0.370625 0.650769 0.096250 0.076923
5 0.135937 0.650769 0.094375 0.053846
5 0.356563 0.800385 0.135625 0.103846
4 0.075000 0.030385 0.032500 0.033077
5 0.540625 0.758846 0.176250 0.123846
5 0.469062 0.681154 0.096875 0.116154
5 0.245938 0.583462 0.051875 0.090000
5 0.453125 0.578462 0.101250 0.060000
5 0.488438 0.466923 0.135625 0.060000
5 0.148125 0.605769 0.118750 0.079231
5 0.591562 0.568846 0.088125 0.082308
5 0.737812 0.659615 0.101875 0.103846
5 0.691875 0.496154 0.091250 0.052308
5 0.372500 0.443846 0.116250 0.063077
5 0.917500 0.464615 0.136250 0.101538
5 0.559063 0.618846 0.159375 0.125385
5 0.372812 0.514231 0.101875 0.054615
5 0.493125 0.525385 0.151250 0.067692
5 0.571250 0.443846 0.140000 0.073846