5 0.635833 0.458333 0.095000 0.050000
5 0.552500 0.278889 0.106667 0.075556
5 0.491667 0.575000 0.106667 0.054444
5 0.544167 0.471111 0.086667 0.055556
5 0.546250 0.392222 0.112500 0.066667
5 0.272917 0.492778 0.024167 0.041111
5 0.305000 0.335556 0.073333 0.060000
5 0.342500 0.585556 0.066667 0.044444
5 0.701250 0.286667 0.055833 0.046667
5 0.396667 0.492778 0.088333 0.050000
5 0.553750 0.208889 0.070833 0.048889
5 0.664583 0.378889 0.067500 0.044444
5 0.528333 0.521667 0.105000 0.061111
5 0.612083 0.215556 0.050833 0.042222
5 0.761667 0.356111 0.041667 0.045556
5 0.678333 0.480556 0.086667 0.047778
5 0.469583 0.200000 0.089167 0.066667
5 0.735833 0.585556 0.095000 0.044444
5 0.587500 0.527778 0.106667 0.051111
5 0.362083 0.412222 0.039167 0.040000
5 0.767917 0.411667 0.035833 0.061111
5 0.561250 0.340000 0.100833 0.051111
5 0.691250 0.338333 0.072500 0.045556
5 0.729167 0.500556 0.080000 0.056667
5 0.742083 0.552222 0.085833 0.044444
5 0.396250 0.536111 0.102500 0.052222
5 0.713333 0.413889 0.045000 0.032222
5 0.717083 0.438889 0.035833 0.033333
5 0.780000 0.453333 0.026667 0.031111
5 0.750417 0.512222 0.069167 0.031111
5 0.803333 0.585000 0.018333 0.041111
5 0.735417 0.624444 0.037500 0.044444
5 0.648750 0.625000 0.059167 0.041111
5 0.686667 0.625556 0.026667 0.028889
5 0.646667 0.578333 0.071667 0.041111
5 0.590000 0.584444 0.076667 0.033333
5 0.557083 0.618333 0.157500 0.054444
5 0.477083 0.612778 0.105833 0.047778
5 0.412083 0.624444 0.060833 0.042222
5 0.305417 0.585000 0.049167 0.045556
5 0.305417 0.511111 0.054167 0.046667
5 0.323333 0.533889 0.030000 0.036667
5 0.340000 0.498333 0.031667 0.032222
5 0.487083 0.291667 0.072500 0.054444
5 0.458750 0.167222 0.077500 0.054444
5 0.396667 0.418333 0.031667 0.043333
5 0.252500 0.390000 0.023333 0.033333
5 0.288750 0.401111 0.020833 0.042222
5 0.222500 0.402778 0.015000 0.032222
5 0.285417 0.445556 0.014167 0.044444
5 0.338333 0.456111 0.030000 0.034444
4 0.365833 0.262222 0.028333 0.035556
5 0.607500 0.300000 0.060000 0.057778
5 0.651667 0.296667 0.026667 0.040000
5 0.650000 0.262222 0.056667 0.040000
5 0.750000 0.323889 0.035000 0.032222
5 0.789167 0.372222 0.020000 0.033333
5 0.807500 0.371667 0.026667 0.023333
5 0.805417 0.411667 0.020833 0.032222
5 0.814167 0.438333 0.023333 0.030000
5 0.777500 0.478889 0.028333 0.031111
5 0.793750 0.495000 0.020833 0.036667
5 0.667500 0.521111 0.058333 0.037778
5 0.197917 0.407222 0.019167 0.030000
4 0.181250 0.402222 0.007500 0.040000