5 0.290667 0.399687 0.568889 0.159375
5 0.772444 0.425312 0.449778 0.119375
5 0.618222 0.478750 0.555556 0.152500
4 0.538222 0.067812 0.168000 0.135625
4 0.669333 0.848125 0.062222 0.040000
4 0.829778 0.920000 0.088000 0.035000
5 0.183111 0.749062 0.282667 0.135625
5 0.594222 0.185000 0.564444 0.141250
5 0.432444 0.302812 0.543111 0.128125
5 0.324889 0.586875 0.585778 0.158750
5 0.391556 0.738437 0.303111 0.163125
4 0.339111 0.447500 0.136000 0.050000
5 0.690667 0.565312 0.337778 0.084375
5 0.945333 0.343750 0.109333 0.083750
4 0.814667 0.075000 0.057778 0.016250
4 0.720889 0.081875 0.039111 0.023750
4 0.829333 0.026875 0.040889 0.016250
4 0.915556 0.107813 0.042667 0.013125
4 0.979556 0.130000 0.033778 0.013750
4 0.873778 0.131250 0.049778 0.012500
4 0.945333 0.235000 0.043556 0.032500
4 0.979111 0.236875 0.041778 0.022500
4 0.237333 0.035937 0.104889 0.054375
4 0.253333 0.075313 0.120889 0.044375
4 0.413333 0.058438 0.040889 0.020625
4 0.368444 0.096875 0.036444 0.013750
4 0.452000 0.095625 0.038222 0.016250
4 0.059111 0.052187 0.047111 0.010625
4 0.020889 0.071875 0.041778 0.012500
4 0.101778 0.258125 0.084444 0.061250
4 0.154667 0.342187 0.115556 0.035625
5 0.567111 0.634375 0.188444 0.065000
5 0.243111 0.229687 0.349333 0.085625
5 0.328444 0.161250 0.248000 0.088750