5 0.352917 0.429577 0.242500 0.163380
5 0.557500 0.347183 0.193333 0.153521
4 0.926667 0.037324 0.066667 0.069014
5 0.895833 0.757042 0.161667 0.133803
5 0.185000 0.328169 0.228333 0.200000
5 0.480417 0.852817 0.194167 0.161972
5 0.354167 0.326761 0.265000 0.171831
5 0.507083 0.535211 0.199167 0.194366
5 0.855417 0.261268 0.144167 0.170423
5 0.611667 0.157746 0.125000 0.160563
5 0.714583 0.814789 0.235833 0.178873
5 0.610000 0.257042 0.150000 0.164789
5 0.382500 0.180986 0.200000 0.161972
5 0.712917 0.544366 0.237500 0.240845
5 0.025000 0.051408 0.050000 0.102817
5 0.085000 0.487324 0.168333 0.214085
5 0.447917 0.130986 0.190833 0.253521
5 0.353333 0.754225 0.210000 0.176056
4 0.923750 0.098592 0.084167 0.059155
5 0.041667 0.171127 0.081667 0.170423
5 0.745000 0.376056 0.150000 0.157746
5 0.563750 0.700000 0.194167 0.146479
5 0.272917 0.572535 0.235833 0.173239
4 0.970417 0.190845 0.055833 0.057746
5 0.805417 0.919014 0.212500 0.153521
6 0.179167 0.881690 0.120000 0.160563
5 0.125417 0.216901 0.192500 0.126761
4 0.045833 0.677465 0.091667 0.126761
4 0.101250 0.735211 0.065833 0.152113
4 0.287083 0.950000 0.114167 0.100000
4 0.745000 0.696479 0.105000 0.080282
4 0.826250 0.182394 0.084167 0.088732