5 0.112500 0.829574 0.225000 0.255639
5 0.222500 0.432331 0.265000 0.213033
5 0.930000 0.105263 0.116667 0.180451
5 0.655833 0.543860 0.195000 0.110276
5 0.939167 0.325815 0.118333 0.185464
5 0.940833 0.431078 0.118333 0.185464
5 0.780000 0.704261 0.186667 0.150376
5 0.579167 0.315789 0.195000 0.135338
5 0.781667 0.540100 0.180000 0.132832
5 0.950833 0.652882 0.095000 0.197995
5 0.059167 0.581454 0.118333 0.150376
5 0.096667 0.181704 0.193333 0.142857
5 0.432500 0.080201 0.131667 0.090226
5 0.650000 0.067669 0.196667 0.135338
5 0.801667 0.348371 0.170000 0.215539