5 0.295414 0.342290 0.162845 0.127325
10 0.155644 0.667631 0.258965 0.295990
5 0.495297 0.838363 0.144621 0.171145
5 0.726631 0.190161 0.089359 0.174452
5 0.256173 0.240595 0.199001 0.153783
5 0.501029 0.404713 0.079659 0.205043
5 0.306731 0.494419 0.124927 0.178586
5 0.617284 0.526251 0.260435 0.157916
5 0.676661 0.348905 0.267490 0.119884
5 0.884039 0.552294 0.151969 0.214965
5 0.633157 0.643448 0.182834 0.206284
5 0.399177 0.669078 0.212228 0.185614
5 0.431217 0.361926 0.119342 0.226953
5 0.887419 0.302191 0.169900 0.218272
5 0.226044 0.083299 0.143445 0.145928
5 0.574368 0.240802 0.087596 0.125258
5 0.428424 0.174659 0.069077 0.127739
5 0.456202 0.519223 0.081717 0.112443
5 0.375514 0.481811 0.084362 0.168251
5 0.404909 0.604382 0.161376 0.112443