5 0.963000 0.424000 0.072000 0.117333
5 0.619500 0.432000 0.287000 0.146667
5 0.117000 0.580667 0.140000 0.108000
5 0.836000 0.256000 0.230000 0.138667
5 0.373500 0.334667 0.271000 0.186667
5 0.187500 0.424667 0.269000 0.134667
5 0.242500 0.674667 0.117000 0.250667
5 0.949500 0.524667 0.099000 0.126667
5 0.709500 0.562000 0.243000 0.185333
5 0.329500 0.481333 0.261000 0.168000
5 0.514000 0.722000 0.414000 0.230667
5 0.793000 0.642000 0.306000 0.164000
5 0.816000 0.757333 0.358000 0.213333
5 0.852000 0.321333 0.226000 0.165333