5 0.123333 0.586170 0.150000 0.087234
5 0.250833 0.771277 0.131667 0.065957
5 0.417500 0.662766 0.151667 0.091489
5 0.609167 0.669149 0.115000 0.070213
5 0.181667 0.534043 0.190000 0.089362
5 0.450833 0.692553 0.115000 0.065957
5 0.761667 0.529787 0.060000 0.097872
5 0.653333 0.470213 0.103333 0.123404
5 0.364167 0.832979 0.201667 0.095745
4 0.570833 0.420213 0.101667 0.465957
5 0.236667 0.434043 0.130000 0.085106
5 0.150833 0.476596 0.148333 0.068085
5 0.236667 0.669149 0.113333 0.074468
5 0.395000 0.429787 0.076667 0.093617
5 0.349167 0.440426 0.061667 0.042553
5 0.337500 0.473404 0.065000 0.048936
5 0.375000 0.552128 0.083333 0.061702
5 0.325833 0.595745 0.085000 0.042553
5 0.317500 0.678723 0.051667 0.059574
5 0.377500 0.728723 0.061667 0.070213
5 0.420000 0.493617 0.080000 0.085106
5 0.515833 0.667021 0.078333 0.036170
5 0.475000 0.587234 0.066667 0.042553
5 0.475000 0.553191 0.070000 0.046809
5 0.458333 0.501064 0.060000 0.053191
5 0.585833 0.551064 0.035000 0.089362
5 0.673333 0.569149 0.083333 0.057447
5 0.721667 0.707447 0.106667 0.065957
5 0.787500 0.614894 0.028333 0.046809
5 0.694167 0.638298 0.058333 0.063830
5 0.715833 0.623404 0.015000 0.059574
5 0.600000 0.615957 0.083333 0.040426
5 0.489167 0.618085 0.065000 0.040426
5 0.515000 0.522340 0.043333 0.048936
5 0.039167 0.507447 0.078333 0.061702
5 0.051667 0.617021 0.103333 0.089362
5 0.270833 0.484043 0.061667 0.070213
5 0.302500 0.511702 0.038333 0.100000
5 0.303333 0.611702 0.050000 0.065957
5 0.585833 0.494681 0.051667 0.057447
4 0.585833 0.421277 0.031667 0.085106
5 0.397500 0.600000 0.055000 0.042553