5 0.780769 0.672055 0.143077 0.096998
5 0.311538 0.579677 0.115385 0.087760
5 0.297692 0.655889 0.143077 0.087760
5 0.543846 0.595843 0.167692 0.106236
5 0.183846 0.563510 0.072308 0.096998
5 0.182308 0.480370 0.069231 0.078522
5 0.410000 0.637413 0.115385 0.096998
5 0.331538 0.779446 0.136923 0.154734
5 0.470000 0.758661 0.173846 0.131640
5 0.370769 0.856813 0.215385 0.170901
5 0.683846 0.405312 0.164615 0.099307
5 0.846923 0.616628 0.146154 0.087760
5 0.941538 0.484988 0.080000 0.138568
5 0.438462 0.489607 0.147692 0.096998
5 0.253846 0.533487 0.083077 0.078522
5 0.590000 0.707852 0.087692 0.145497
5 0.499231 0.695150 0.109231 0.083141
5 0.160000 0.969977 0.123077 0.060046
5 0.627692 0.905312 0.092308 0.143187
5 0.891538 0.855658 0.106154 0.140878
5 0.776154 0.531178 0.075385 0.069284
5 0.728462 0.592379 0.121538 0.080831
5 0.624615 0.774827 0.080000 0.108545
5 0.554615 0.894919 0.109231 0.145497
4 0.421538 0.159353 0.040000 0.069284
4 0.420000 0.236721 0.043077 0.099307
4 0.575385 0.281755 0.046154 0.083141
4 0.530769 0.272517 0.043077 0.087760
4 0.480000 0.233256 0.058462 0.073903
4 0.701538 0.353349 0.052308 0.046189
4 0.917692 0.683603 0.050769 0.143187
4 0.972308 0.707852 0.052308 0.117783
4 0.973846 0.630485 0.049231 0.092379