5 0.486667 0.750000 0.164444 0.064444
5 0.600000 0.403333 0.124444 0.077778
5 0.711111 0.615556 0.137778 0.057778
5 0.344444 0.704444 0.164444 0.057778
5 0.261111 0.761111 0.100000 0.051111
5 0.201111 0.472222 0.113333 0.073333
5 0.754444 0.523333 0.100000 0.055556
5 0.341111 0.655556 0.140000 0.057778
5 0.608889 0.794444 0.195556 0.068889
5 0.604444 0.476667 0.142222 0.060000
5 0.773333 0.641111 0.128889 0.055556
5 0.565556 0.538889 0.166667 0.073333
5 0.636667 0.693333 0.157778 0.057778
5 0.196667 0.675556 0.077778 0.053333
5 0.865556 0.718889 0.126667 0.064444
5 0.477778 0.422222 0.120000 0.057778
5 0.437778 0.275556 0.128889 0.062222
5 0.437778 0.327778 0.124444 0.073333
5 0.436667 0.327778 0.184444 0.095556
5 0.580000 0.331111 0.115556 0.057778
5 0.537778 0.693333 0.164444 0.066667
5 0.728889 0.753333 0.120000 0.044444
5 0.855556 0.662222 0.120000 0.057778
5 0.672222 0.336667 0.077778 0.033333
5 0.690000 0.367778 0.046667 0.037778
5 0.735556 0.387778 0.084444 0.042222
5 0.795556 0.393333 0.080000 0.044444
5 0.807778 0.417778 0.091111 0.048889
5 0.787778 0.474444 0.117778 0.055556
5 0.713333 0.577778 0.137778 0.057778
5 0.822222 0.560000 0.084444 0.040000
5 0.896667 0.495556 0.068889 0.044444
5 0.881111 0.460000 0.055556 0.040000
5 0.858889 0.762222 0.126667 0.062222
5 0.895556 0.675556 0.075556 0.040000
5 0.936667 0.714444 0.064444 0.042222
5 0.962222 0.762222 0.026667 0.048889
5 0.965556 0.516667 0.046667 0.028889
5 0.904444 0.568889 0.057778 0.040000
5 0.932222 0.607778 0.060000 0.033333
5 0.968889 0.600000 0.040000 0.022222
5 0.727778 0.807778 0.095556 0.055556
5 0.564444 0.632222 0.155556 0.077778
5 0.478889 0.805556 0.148889 0.068889
5 0.193333 0.765556 0.084444 0.068889
5 0.367778 0.807778 0.082222 0.055556
5 0.340000 0.567778 0.044444 0.046667
5 0.147778 0.652222 0.037778 0.060000
4 0.292222 0.392222 0.037778 0.037778
4 0.117778 0.535556 0.040000 0.048889
4 0.175556 0.546667 0.022222 0.053333
4 0.284444 0.565556 0.048889 0.042222
4 0.236667 0.510000 0.033333 0.055556
5 0.174444 0.598889 0.028889 0.046667