5 0.516364 0.388636 0.170909 0.068182
5 0.919091 0.470455 0.118182 0.109091
5 0.404545 0.531818 0.140000 0.077273
5 0.584545 0.603409 0.169091 0.170455
5 0.314545 0.690909 0.152727 0.145455
5 0.634545 0.376136 0.134545 0.075000
5 0.462727 0.706818 0.081818 0.104545
5 0.769091 0.439773 0.181818 0.143182
5 0.353636 0.378409 0.165455 0.134091
5 0.203636 0.285227 0.123636 0.065909
5 0.554545 0.468182 0.156364 0.090909
5 0.633636 0.296591 0.161818 0.097727
5 0.664545 0.593182 0.129091 0.095455
5 0.696364 0.280682 0.138182 0.129545
5 0.151818 0.420455 0.118182 0.086364
5 0.364545 0.600000 0.180000 0.095455
4 0.078182 0.271591 0.054545 0.047727
5 0.050909 0.490909 0.069091 0.113636
5 0.093636 0.479545 0.063636 0.045455
5 0.223636 0.356818 0.050909 0.072727
5 0.239091 0.405682 0.052727 0.047727
5 0.224545 0.471591 0.038182 0.102273
5 0.296364 0.525000 0.069091 0.104545
5 0.393636 0.478409 0.118182 0.093182
5 0.329091 0.470455 0.058182 0.045455
5 0.326364 0.344318 0.140000 0.065909
5 0.502727 0.343182 0.129091 0.050000
5 0.503636 0.554545 0.101818 0.059091
5 0.635455 0.510227 0.129091 0.065909
5 0.715455 0.332955 0.085455 0.065909
5 0.858182 0.384091 0.080000 0.077273
5 0.501818 0.697727 0.065455 0.068182
5 0.476364 0.635227 0.101818 0.079545