4 0.869097 0.722089 0.156250 0.087635
4 0.677083 0.670468 0.091667 0.094838
2 0.483681 0.445978 0.595139 0.411765
4 0.128472 0.957983 0.088889 0.074430
4 0.282986 0.829532 0.090972 0.088836
4 0.081597 0.810924 0.135417 0.106843
4 0.860764 0.842737 0.096528 0.120048
4 0.936806 0.869148 0.091667 0.096038
4 0.075347 0.903962 0.092361 0.108043
4 0.654861 0.923770 0.106944 0.106843
4 0.780556 0.762905 0.095833 0.063625
4 0.128125 0.959184 0.085417 0.076831
4 0.578125 0.830132 0.099306 0.073229
4 0.955556 0.749700 0.088889 0.066026
4 0.275347 0.734694 0.088194 0.081633
4 0.461458 0.685474 0.084028 0.079232
4 0.348264 0.670468 0.090972 0.061224
4 0.581597 0.539616 0.174306 0.092437
4 0.425000 0.965186 0.037500 0.052821
4 0.494097 0.946579 0.088194 0.085234
4 0.577778 0.951381 0.029167 0.046819
4 0.831944 0.954982 0.097222 0.090036