5 0.967138 0.055556 0.064732 0.040344
4 0.922495 0.548280 0.154514 0.134921
4 0.895957 0.775628 0.145585 0.083003
4 0.591022 0.958995 0.033730 0.063492
4 0.947297 0.632275 0.096974 0.065476
4 0.652158 0.842923 0.043899 0.059524
4 0.781126 0.907242 0.110863 0.075728
1 0.970610 0.425761 0.058780 0.152447
4 0.880952 0.841931 0.031250 0.064815
4 0.966766 0.822586 0.065972 0.047950
4 0.558284 0.085813 0.071429 0.171627
4 0.643725 0.896329 0.099950 0.051918
4 0.773562 0.764716 0.098710 0.051257
4 0.607391 0.690972 0.027778 0.034061
4 0.616195 0.761078 0.056796 0.032077
4 0.594494 0.615079 0.126984 0.077381
2 0.307044 0.663194 0.614087 0.497685