4 0.875833 0.524583 0.038333 0.035833
2 0.441111 0.525833 0.430000 0.535000
4 0.118056 0.308333 0.058333 0.060000
4 0.149167 0.449583 0.082778 0.055833
4 0.970000 0.515417 0.045556 0.034167
4 0.686111 0.520833 0.023333 0.025000
4 0.707778 0.475833 0.031111 0.031667
4 0.827500 0.579167 0.027222 0.033333
4 0.687222 0.466667 0.028889 0.023333
4 0.668333 0.567500 0.017778 0.018333
4 0.655000 0.588333 0.014444 0.026667
4 0.909167 0.577917 0.036111 0.022500
4 0.941111 0.592083 0.017778 0.025833
4 0.551389 0.670833 0.047222 0.045000
4 0.573889 0.549583 0.022222 0.024167
4 0.617778 0.524167 0.025556 0.021667
4 0.636667 0.540833 0.022222 0.025000
4 0.664444 0.497500 0.018889 0.026667
4 0.408333 0.639167 0.081111 0.116667
4 0.123889 0.687500 0.061111 0.041667