4 0.690362 0.218506 0.088859 0.062988
4 0.913192 0.137939 0.135338 0.077637
4 0.880383 0.225830 0.135338 0.076660
4 0.494532 0.211182 0.088175 0.065918
2 0.515379 0.554443 0.773753 0.304199
4 0.605605 0.187500 0.099795 0.060547
4 0.927546 0.287109 0.139440 0.078125
4 0.680109 0.073242 0.117567 0.098633
4 0.607656 0.310059 0.090226 0.047852
4 0.489747 0.291992 0.100478 0.041992
4 0.824675 0.112305 0.104580 0.086914
4 0.835270 0.162598 0.101162 0.070312
4 0.939166 0.330811 0.110731 0.035645
4 0.751538 0.243408 0.096377 0.040527
4 0.671565 0.372070 0.100478 0.034180