1 0.280625 0.449343 0.118750 0.151970
1 0.786875 0.181051 0.188750 0.181989
1 0.385625 0.368668 0.103750 0.140713
1 0.303750 0.619137 0.160000 0.236398
1 0.786250 0.686679 0.205000 0.202627
1 0.639375 0.509381 0.141250 0.238274
1 0.365000 0.181051 0.140000 0.185741
1 0.138750 0.467167 0.190000 0.202627
1 0.491875 0.743902 0.213750 0.245779
1 0.539375 0.259850 0.143750 0.208255
1 0.911250 0.399625 0.177500 0.232645
1 0.458750 0.582552 0.157500 0.170732
1 0.785000 0.400563 0.125000 0.159475
1 0.623750 0.361163 0.115000 0.163227
1 0.213750 0.696998 0.147500 0.196998
1 0.840000 0.854597 0.107500 0.099437
10 0.923125 0.850844 0.058750 0.095685