1 0.525391 0.783854 0.060547 0.067708
1 0.233887 0.645833 0.110352 0.122396
1 0.722168 0.483073 0.165039 0.156250
1 0.372559 0.277995 0.202148 0.196615
1 0.495117 0.449219 0.107422 0.119792
1 0.483887 0.171875 0.088867 0.098958
1 0.700684 0.404948 0.100586 0.098958
1 0.920410 0.682943 0.059570 0.108073
1 0.761719 0.826823 0.064453 0.072917
1 0.909180 0.151693 0.060547 0.105469
1 0.174805 0.372396 0.039062 0.072917
1 0.169434 0.309896 0.043945 0.062500
1 0.730469 0.945964 0.052734 0.076823
4 0.234375 0.415365 0.039062 0.036458
4 0.038574 0.312500 0.061523 0.044271
4 0.027832 0.044271 0.055664 0.088542
1 0.601562 0.421875 0.041016 0.070312