1 0.683000 0.333333 0.240667 0.426885
4 0.573667 0.796094 0.060667 0.095368
4 0.467333 0.737057 0.086667 0.060854
4 0.334667 0.622162 0.026667 0.065395
4 0.408667 0.559946 0.065333 0.080836
4 0.442667 0.327884 0.093333 0.101726
4 0.444333 0.242053 0.074000 0.040872
4 0.223000 0.109900 0.047333 0.123524
4 0.079667 0.372843 0.092667 0.048138
4 0.050000 0.343324 0.052000 0.103542
4 0.040000 0.227066 0.026667 0.090827
4 0.096000 0.521344 0.036000 0.099909
4 0.476333 0.257039 0.090000 0.065395
4 0.613333 0.155313 0.040000 0.094460
4 0.971333 0.099001 0.057333 0.079927