1 0.655625 0.597258 0.086250 0.143959
1 0.395000 0.476007 0.162500 0.182519
1 0.429688 0.242074 0.175625 0.350471
1 0.604375 0.763496 0.165000 0.142245
1 0.326875 0.681662 0.158750 0.263068
4 0.201563 0.719366 0.030625 0.057412
4 0.221875 0.765210 0.045000 0.039417
4 0.237500 0.592973 0.048750 0.049700
4 0.191250 0.399743 0.046250 0.050557
6 0.114375 0.529563 0.076250 0.046272
4 0.035937 0.614824 0.038125 0.038560
4 0.136563 0.678235 0.039375 0.035133
4 0.683438 0.306769 0.066875 0.071979
4 0.657813 0.161097 0.060625 0.066838
4 0.203125 0.128106 0.082500 0.059126