1 0.475610 0.344375 0.739212 0.666250
4 0.138368 0.478125 0.068480 0.071250
4 0.078330 0.419375 0.059099 0.076250
4 0.066135 0.643750 0.051595 0.077500
4 0.155722 0.661250 0.063790 0.070000
4 0.279550 0.659375 0.067542 0.056250
4 0.171670 0.200000 0.061914 0.037500
4 0.209193 0.166250 0.061914 0.040000
4 0.059099 0.543125 0.037523 0.041250
4 0.063321 0.474375 0.040338 0.023750
4 0.890244 0.069375 0.052533 0.068750
4 0.198405 0.017500 0.070356 0.035000
4 0.097561 0.256250 0.045028 0.037500
4 0.014071 0.644375 0.028143 0.048750
4 0.219512 0.540625 0.045028 0.066250
4 0.427767 0.705000 0.037523 0.032500
4 0.104128 0.731875 0.052533 0.033750