6 0.223500 0.150322 0.045000 0.046624
6 0.513000 0.337621 0.056000 0.051447
6 0.642500 0.301447 0.055000 0.046624
6 0.138000 0.796624 0.068000 0.062701
6 0.185000 0.574759 0.068000 0.062701
6 0.168000 0.471865 0.068000 0.062701
6 0.264000 0.495981 0.068000 0.062701
6 0.273000 0.542605 0.068000 0.062701
6 0.300000 0.696945 0.068000 0.062701
6 0.303000 0.336817 0.068000 0.062701
6 0.279000 0.455788 0.068000 0.062701
6 0.340000 0.529743 0.068000 0.062701
6 0.381000 0.610129 0.068000 0.062701
6 0.421000 0.518489 0.068000 0.062701
6 0.412000 0.425241 0.068000 0.062701
6 0.583000 0.624598 0.068000 0.062701
6 0.497000 0.684084 0.068000 0.062701
6 0.452000 0.651929 0.068000 0.062701