6 0.233125 0.610000 0.226250 0.160000
6 0.542500 0.208333 0.140000 0.080000
6 0.534375 0.120000 0.158750 0.096667
6 0.167500 0.811667 0.207500 0.086667
6 0.104375 0.277500 0.151250 0.068333
6 0.833125 0.180833 0.186250 0.071667
6 0.884375 0.220833 0.228750 0.075000
6 0.965625 0.225000 0.068750 0.073333
6 0.690625 0.314167 0.121250 0.065000
6 0.765000 0.354167 0.145000 0.095000
6 0.928750 0.344167 0.142500 0.055000
6 0.915000 0.430000 0.170000 0.056667
6 0.955000 0.383333 0.090000 0.050000
6 0.973125 0.467500 0.053750 0.045000
6 0.918125 0.533333 0.163750 0.076667
6 0.845625 0.556667 0.168750 0.086667
6 0.974375 0.591667 0.051250 0.050000
6 0.892500 0.671667 0.215000 0.136667
6 0.908750 0.600833 0.182500 0.081667
6 0.872500 0.844167 0.255000 0.148333
6 0.765625 0.979167 0.118750 0.041667
6 0.813750 0.449167 0.215000 0.125000
6 0.683125 0.358333 0.118750 0.090000
6 0.685625 0.437500 0.203750 0.101667
6 0.676250 0.493333 0.160000 0.130000
6 0.690000 0.543333 0.177500 0.116667
6 0.594375 0.505000 0.131250 0.136667
6 0.613125 0.578333 0.136250 0.130000
6 0.496250 0.519167 0.152500 0.085000
6 0.594375 0.643333 0.186250 0.130000
6 0.578750 0.718333 0.145000 0.126667
6 0.500625 0.776667 0.176250 0.123333
6 0.631250 0.833333 0.152500 0.100000
6 0.529375 0.976667 0.066250 0.046667
6 0.580625 0.981667 0.071250 0.036667
6 0.281875 0.770833 0.141250 0.098333
6 0.399375 0.934167 0.191250 0.108333
6 0.270000 0.905000 0.155000 0.090000
6 0.098750 0.636667 0.122500 0.106667
6 0.090000 0.691667 0.180000 0.130000
6 0.260000 0.648333 0.170000 0.110000
6 0.373125 0.690833 0.111250 0.071667
6 0.378125 0.589167 0.148750 0.098333
6 0.460000 0.595833 0.122500 0.118333
6 0.341250 0.536667 0.120000 0.066667
6 0.134375 0.498333 0.121250 0.063333
6 0.170000 0.532500 0.152500 0.078333
6 0.194375 0.358333 0.163750 0.070000
6 0.221875 0.430000 0.198750 0.073333
6 0.296875 0.420833 0.166250 0.065000
6 0.070625 0.348333 0.141250 0.116667
6 0.044375 0.380000 0.088750 0.076667
6 0.253750 0.295000 0.167500 0.096667
6 0.391250 0.348333 0.067500 0.070000
6 0.430625 0.364167 0.043750 0.045000
6 0.471250 0.285833 0.137500 0.091667
6 0.384375 0.265000 0.083750 0.063333
6 0.371875 0.282500 0.091250 0.071667
6 0.541250 0.303333 0.077500 0.040000
6 0.540625 0.256667 0.093750 0.060000
6 0.599375 0.305000 0.058750 0.043333
6 0.636250 0.092500 0.127500 0.061667
6 0.948750 0.066667 0.102500 0.053333
6 0.649375 0.187500 0.113750 0.055000
6 0.637500 0.240833 0.095000 0.041667
6 0.431250 0.473333 0.062500 0.046667
6 0.090000 0.171667 0.165000 0.136667
6 0.086250 0.235000 0.127500 0.076667
6 0.025625 0.090000 0.051250 0.066667
6 0.118125 0.080000 0.138750 0.073333
6 0.250625 0.133333 0.176250 0.100000
6 0.297500 0.189167 0.165000 0.071667
6 0.177500 0.140833 0.120000 0.061667
6 0.256875 0.063333 0.138750 0.070000
6 0.328750 0.123333 0.097500 0.060000
6 0.367500 0.109167 0.087500 0.041667
6 0.383750 0.153333 0.067500 0.080000
6 0.416875 0.191667 0.108750 0.060000
6 0.351875 0.033333 0.118750 0.056667
6 0.201875 0.015000 0.111250 0.030000
6 0.166875 0.191667 0.111250 0.076667