6 0.778783 0.803704 0.149671 0.229630
6 0.403783 0.659259 0.340461 0.365432
6 0.287829 0.508642 0.342105 0.390123
6 0.153783 0.353086 0.307566 0.429630
6 0.758224 0.441975 0.243421 0.365432
6 0.171875 0.167901 0.343750 0.335802
6 0.050987 0.756790 0.101974 0.091358
6 0.329770 0.245679 0.172697 0.303704
6 0.485197 0.388889 0.125000 0.308642
6 0.583882 0.144444 0.276316 0.288889
6 0.826480 0.130864 0.245066 0.261728
6 0.918586 0.140741 0.162829 0.266667
6 0.119243 0.812346 0.162829 0.103704
6 0.135691 0.951852 0.271382 0.096296
6 0.430921 0.893827 0.259868 0.212346
6 0.607730 0.833333 0.212171 0.323457
6 0.915296 0.872840 0.162829 0.249383
6 0.913651 0.692593 0.172697 0.259259
6 0.870066 0.643210 0.078947 0.190123
6 0.848684 0.541975 0.125000 0.120988
6 0.645559 0.667901 0.136513 0.116049
6 0.938322 0.488889 0.123355 0.167901
6 0.439145 0.062963 0.177632 0.125926
6 0.405428 0.664198 0.330592 0.340741
6 0.324836 0.848148 0.199013 0.195062
6 0.189145 0.897531 0.101974 0.140741
6 0.685855 0.386420 0.190789 0.170370
6 0.546875 0.467901 0.179276 0.209877
6 0.287829 0.051852 0.174342 0.103704
6 0.090461 0.572840 0.157895 0.241975