6 0.571500 0.198934 0.123000 0.092362
6 0.825000 0.333925 0.056000 0.127886
6 0.751500 0.165187 0.077000 0.060391
6 0.761000 0.317940 0.084000 0.067496
6 0.332500 0.405861 0.217000 0.147425
6 0.354000 0.246004 0.168000 0.158082
6 0.236500 0.349911 0.165000 0.145648
6 0.504000 0.411190 0.106000 0.090586
6 0.442500 0.666963 0.265000 0.190053
6 0.446500 0.561279 0.151000 0.099467
6 0.720000 0.536412 0.046000 0.127886
6 0.279500 0.814387 0.207000 0.246892
6 0.691500 0.240675 0.089000 0.065719
6 0.490500 0.221137 0.085000 0.090586
6 0.475500 0.333925 0.069000 0.081705
6 0.595500 0.415631 0.073000 0.078153
6 0.601500 0.498224 0.059000 0.083481
6 0.788000 0.126998 0.078000 0.058615