6 0.602000 0.682159 0.106000 0.074963
6 0.122500 0.625187 0.105000 0.074963
6 0.218500 0.569715 0.105000 0.086957
6 0.182000 0.485757 0.084000 0.077961
6 0.900500 0.512744 0.081000 0.083958
6 0.260500 0.766117 0.071000 0.068966
6 0.459500 0.468516 0.147000 0.103448
6 0.420000 0.624438 0.112000 0.070465
6 0.523000 0.568966 0.102000 0.079460
6 0.611000 0.596702 0.138000 0.086957
6 0.798000 0.485007 0.112000 0.079460
6 0.781500 0.610945 0.125000 0.091454
6 0.729000 0.558471 0.122000 0.076462
6 0.622500 0.363568 0.121000 0.061469
6 0.631500 0.417541 0.121000 0.061469