6 0.678750 0.524390 0.117500 0.061914
6 0.317500 0.911820 0.112500 0.082552
6 0.441250 0.400563 0.097500 0.050657
6 0.358125 0.741088 0.098750 0.112570
6 0.433750 0.890244 0.097500 0.073171
6 0.668750 0.583490 0.127500 0.067542
6 0.642500 0.304878 0.100000 0.050657
6 0.433125 0.679174 0.091250 0.078799
6 0.715000 0.447467 0.117500 0.069418
6 0.260000 0.175422 0.112500 0.058161
6 0.821250 0.551595 0.125000 0.075047
6 0.308750 0.470919 0.132500 0.082552
6 0.214375 0.855535 0.078750 0.090056
6 0.585625 0.698874 0.106250 0.061914
6 0.110625 0.372420 0.108750 0.069418
6 0.089375 0.431520 0.131250 0.078799
6 0.379375 0.313321 0.091250 0.048780