4 0.802604 0.216667 0.110417 0.124074
6 0.914062 0.311574 0.134375 0.095370
6 0.666667 0.209722 0.231250 0.184259
6 0.226302 0.112500 0.250521 0.225000
6 0.312500 0.223148 0.172917 0.177778
6 0.405208 0.881944 0.170833 0.236111
6 0.361979 0.450463 0.082292 0.106481
6 0.567187 0.088889 0.183333 0.124074
4 0.867188 0.156944 0.067708 0.080556
6 0.908594 0.886574 0.175521 0.199074
6 0.110417 0.400000 0.146875 0.103704
6 0.918229 0.136574 0.096875 0.197222
6 0.176823 0.885648 0.157812 0.206481
6 0.685937 0.825000 0.169792 0.187037
6 0.248698 0.342130 0.221354 0.149074
6 0.061979 0.081019 0.123958 0.156481
6 0.508073 0.774074 0.166146 0.172222
4 0.684635 0.042130 0.068229 0.073148
6 0.496875 0.439352 0.251042 0.147222
4 0.739062 0.118981 0.058333 0.126852
6 0.059375 0.231944 0.118750 0.113889
6 0.717708 0.344444 0.135417 0.103704
6 0.033073 0.551852 0.066146 0.168519
6 0.260156 0.805093 0.180729 0.184259
6 0.514323 0.325000 0.302604 0.183333
6 0.466927 0.585185 0.300521 0.211111
6 0.801042 0.525463 0.204167 0.219444