4 0.277000 0.360778 0.186000 0.146707
4 0.571000 0.371257 0.150000 0.137725
4 0.117000 0.372754 0.206000 0.122754
4 0.644000 0.511976 0.124000 0.131737
4 0.405000 0.511976 0.130000 0.083832
4 0.418000 0.405689 0.124000 0.098802
4 0.290000 0.495509 0.160000 0.098802
4 0.215000 0.140719 0.190000 0.173653
4 0.906000 0.670659 0.184000 0.149701
4 0.901000 0.502994 0.182000 0.143713
4 0.517000 0.476048 0.150000 0.107784
4 0.211000 0.270958 0.198000 0.110778
4 0.067000 0.291916 0.134000 0.134731
4 0.043000 0.407186 0.086000 0.101796
4 0.045000 0.510479 0.090000 0.110778