6 0.904286 0.207527 0.048571 0.040860
6 0.737857 0.253763 0.081429 0.060215
6 0.570000 0.662366 0.128571 0.068817
6 0.582143 0.591398 0.104286 0.081720
6 0.690714 0.405376 0.070000 0.058065
6 0.669286 0.332258 0.090000 0.058065
6 0.636429 0.498925 0.121429 0.077419
6 0.394286 0.791398 0.137143 0.107527
6 0.489286 0.502151 0.127143 0.075269
6 0.395714 0.466667 0.100000 0.111828
6 0.640000 0.192473 0.100000 0.053763
4 0.582143 0.050538 0.047143 0.045161
6 0.442143 0.375269 0.132857 0.075269
6 0.684286 0.564516 0.085714 0.075269
6 0.812857 0.341935 0.074286 0.060215
6 0.462857 0.234409 0.097143 0.064516
6 0.437143 0.412903 0.145714 0.103226
6 0.435714 0.640860 0.125714 0.103226
6 0.330000 0.608602 0.142857 0.137634
6 0.413571 0.541935 0.127143 0.090323
6 0.262143 0.635484 0.092857 0.088172
6 0.315714 0.706452 0.114286 0.105376
6 0.425000 0.717204 0.138571 0.096774
6 0.527143 0.765591 0.082857 0.064516
6 0.500714 0.556989 0.058571 0.034409
6 0.616429 0.384946 0.092857 0.047312
6 0.616429 0.450538 0.104286 0.040860
6 0.967857 0.208602 0.041429 0.030108
6 0.978571 0.332258 0.042857 0.027957
6 0.936429 0.282796 0.032857 0.062366