6 0.106923 0.098361 0.161538 0.136612
6 0.019231 0.042350 0.038462 0.084699
6 0.010769 0.195355 0.021538 0.040984
6 0.050000 0.239071 0.100000 0.079235
6 0.036923 0.277322 0.073846 0.095628
6 0.036154 0.411202 0.072308 0.112022
6 0.063077 0.643443 0.126154 0.112022
6 0.008462 0.818306 0.016923 0.117486
6 0.073846 0.863388 0.089231 0.163934
6 0.166923 0.762295 0.130769 0.185792
6 0.126923 0.928962 0.075385 0.142077
6 0.129231 0.885246 0.092308 0.142077
6 0.266154 0.886612 0.107692 0.144809
6 0.248462 0.754098 0.121538 0.103825
6 0.355385 0.893443 0.086154 0.114754
6 0.195385 0.636612 0.052308 0.054645
6 0.255385 0.653005 0.138462 0.098361
6 0.362308 0.699454 0.176923 0.125683
6 0.516154 0.793716 0.115385 0.117486
6 0.509231 0.631148 0.206154 0.142077
6 0.636923 0.643443 0.076923 0.073770
6 0.673846 0.719945 0.132308 0.117486
6 0.703077 0.852459 0.144615 0.147541
6 0.717692 0.640710 0.078462 0.079235
6 0.893077 0.867486 0.075385 0.150273
6 0.952308 0.471311 0.095385 0.095628
6 0.732308 0.565574 0.126154 0.163934
6 0.839231 0.569672 0.136923 0.112022
6 0.916923 0.662568 0.123077 0.090164
6 0.915385 0.299180 0.169231 0.128415
6 0.856154 0.356557 0.133846 0.112022
6 0.829231 0.155738 0.049231 0.131148
6 0.756154 0.125683 0.133846 0.153005
6 0.805385 0.275956 0.093846 0.092896
6 0.730769 0.316940 0.153846 0.163934
6 0.667692 0.453552 0.150769 0.125683
6 0.643846 0.510929 0.100000 0.065574
6 0.681538 0.202186 0.138462 0.103825
6 0.503846 0.065574 0.152308 0.114754
6 0.466923 0.170765 0.087692 0.133880
6 0.555385 0.172131 0.113846 0.092896
6 0.553846 0.137978 0.116923 0.090164
6 0.478462 0.459016 0.095385 0.114754
6 0.546923 0.482240 0.106154 0.144809
6 0.613077 0.325137 0.063077 0.131148
6 0.553846 0.336066 0.141538 0.125683
6 0.656923 0.299180 0.083077 0.079235
6 0.333077 0.562842 0.115385 0.125683
6 0.423077 0.509563 0.172308 0.112022
6 0.410000 0.403005 0.140000 0.139344
6 0.412308 0.199454 0.052308 0.054645
6 0.452308 0.251366 0.147692 0.092896
6 0.493077 0.312842 0.084615 0.084699
6 0.130769 0.670765 0.080000 0.090164
6 0.211538 0.576503 0.124615 0.092896
6 0.142308 0.498634 0.176923 0.095628
6 0.262308 0.482240 0.115385 0.084699
6 0.159231 0.403005 0.170769 0.095628
6 0.218462 0.381148 0.030769 0.166667
6 0.207692 0.247268 0.175385 0.150273
6 0.266154 0.159836 0.141538 0.101093
6 0.306923 0.081967 0.112308 0.081967
6 0.328462 0.181694 0.133846 0.122951