6 0.523573 0.153000 0.471464 0.138000
6 0.802730 0.702500 0.243176 0.231000
6 0.359181 0.840000 0.504963 0.172000
6 0.564516 0.558500 0.486352 0.173000
4 0.598635 0.023500 0.073201 0.041000
4 0.183623 0.747000 0.066998 0.036000
6 0.307692 0.295000 0.461538 0.166000
6 0.370968 0.394500 0.444169 0.185000
6 0.437345 0.734000 0.289082 0.190000
6 0.366005 0.647000 0.315136 0.082000
6 0.248139 0.558000 0.327543 0.114000
6 0.144541 0.419000 0.120347 0.090000
6 0.540323 0.255000 0.331266 0.116000
6 0.212779 0.179500 0.299007 0.107000
6 0.748139 0.409500 0.473945 0.111000
6 0.689206 0.318500 0.080645 0.123000
6 0.749380 0.273000 0.111663 0.110000
4 0.947270 0.022500 0.075682 0.035000