6 0.259896 0.160000 0.080208 0.056667
6 0.506250 0.585000 0.079167 0.066667
6 0.075000 0.325000 0.079167 0.073333
6 0.358333 0.549167 0.075000 0.071667
6 0.441667 0.860000 0.062500 0.096667
6 0.121875 0.525000 0.095833 0.073333
6 0.921354 0.352500 0.059375 0.048333
6 0.204167 0.635000 0.093750 0.090000
6 0.338542 0.806667 0.081250 0.080000
6 0.431250 0.587500 0.081250 0.065000
6 0.122396 0.190000 0.076042 0.066667
6 0.776563 0.959167 0.113542 0.065000
6 0.485417 0.245833 0.077083 0.065000
6 0.749479 0.447500 0.078125 0.061667
6 0.613542 0.821667 0.085417 0.056667
6 0.601042 0.381667 0.068750 0.060000
4 0.304688 0.043333 0.044792 0.053333
6 0.656250 0.554167 0.079167 0.055000
6 0.452083 0.151667 0.054167 0.060000
6 0.775521 0.297500 0.067708 0.045000
6 0.464583 0.498333 0.079167 0.066667
6 0.270833 0.445000 0.079167 0.066667
6 0.306250 0.291667 0.079167 0.066667
6 0.277083 0.536667 0.079167 0.066667
6 0.205208 0.456667 0.079167 0.066667
6 0.659375 0.446667 0.079167 0.066667
6 0.659375 0.771667 0.079167 0.066667
6 0.434896 0.762500 0.109375 0.101667