6 0.387255 0.482026 0.444444 0.297386
6 0.161765 0.158497 0.323529 0.316993
6 0.283497 0.740196 0.227124 0.349673
6 0.677288 0.160131 0.462418 0.320261
6 0.760621 0.366013 0.344771 0.241830
6 0.093954 0.400327 0.165033 0.297386
6 0.068627 0.382353 0.078431 0.156863
6 0.266340 0.068627 0.232026 0.137255
6 0.206699 0.849673 0.321895 0.294118
6 0.071078 0.937908 0.142157 0.124183
6 0.649510 0.883987 0.240196 0.225490
6 0.709150 0.808824 0.264706 0.375817
6 0.717320 0.555556 0.091503 0.091503
6 0.859477 0.629085 0.281046 0.225490
6 0.820261 0.235294 0.189542 0.209150
6 0.943627 0.083333 0.112745 0.140523
6 0.904412 0.223856 0.122549 0.127451
6 0.956699 0.364379 0.086601 0.147059
6 0.918301 0.516340 0.163399 0.163399
6 0.424020 0.130719 0.073529 0.222222
6 0.068627 0.625817 0.137255 0.147059
6 0.120098 0.624183 0.060458 0.150327
6 0.459150 0.839869 0.098039 0.248366
6 0.525327 0.921569 0.116013 0.143791
6 0.467320 0.700980 0.068627 0.160131
6 0.577614 0.712418 0.135621 0.209150
6 0.562092 0.377451 0.163399 0.166667
6 0.493464 0.089869 0.088235 0.153595
6 0.831699 0.830065 0.176471 0.196078
6 0.951797 0.931373 0.096405 0.137255
6 0.905229 0.977124 0.104575 0.045752