6 0.053454 0.327160 0.106908 0.076543
6 0.294408 0.749383 0.082237 0.116049
6 0.104441 0.904938 0.136513 0.140741
6 0.421875 0.906173 0.120066 0.118519
6 0.039474 0.523457 0.078947 0.143210
6 0.688322 0.882716 0.110197 0.101235
6 0.132401 0.201235 0.090461 0.066667
6 0.703125 0.786420 0.110197 0.101235
6 0.494243 0.487654 0.110197 0.101235
6 0.109375 0.445679 0.152961 0.101235
6 0.189967 0.445679 0.120066 0.101235
6 0.278783 0.497531 0.120066 0.101235
6 0.336349 0.418519 0.120066 0.051852
6 0.905428 0.919753 0.110197 0.101235