6 0.294531 0.522222 0.210938 0.133333
6 0.089583 0.640278 0.178125 0.163889
6 0.647135 0.391204 0.123438 0.119444
6 0.347656 0.847685 0.120313 0.130556
6 0.885156 0.572222 0.190104 0.212963
6 0.903125 0.467593 0.122917 0.072222
6 0.170052 0.428241 0.169271 0.137963
6 0.236198 0.155093 0.194271 0.176852
6 0.928125 0.728704 0.140625 0.129630
6 0.584635 0.564815 0.177604 0.146296
6 0.397396 0.144907 0.107292 0.095370
6 0.208854 0.071296 0.087500 0.122222
6 0.714323 0.613426 0.214062 0.210185
6 0.140104 0.868981 0.128125 0.091667
6 0.728385 0.528241 0.117188 0.102778
6 0.444531 0.206481 0.091146 0.079630
6 0.178385 0.948611 0.285938 0.100926
6 0.414844 0.381944 0.245312 0.228704
6 0.815625 0.276852 0.058333 0.094444
6 0.729427 0.166204 0.116146 0.091667
6 0.633594 0.780093 0.128646 0.082407
6 0.940104 0.337963 0.118750 0.098148
6 0.676042 0.152778 0.086458 0.087037
6 0.226042 0.708796 0.244792 0.221296
6 0.338021 0.591667 0.163542 0.137037
6 0.222656 0.323148 0.106771 0.092593
6 0.076302 0.326852 0.152604 0.222222
6 0.283333 0.414815 0.094792 0.114815
6 0.573958 0.733333 0.116667 0.131481
6 0.420833 0.771759 0.052083 0.093519
6 0.744271 0.352315 0.084375 0.104630