5 0.534167 0.752500 0.118333 0.080000
5 0.666667 0.678750 0.130000 0.087500
5 0.805000 0.558750 0.123333 0.087500
5 0.501667 0.551250 0.126667 0.082500
5 0.548333 0.622500 0.150000 0.090000
5 0.326667 0.892500 0.116667 0.080000
5 0.090000 0.525000 0.146667 0.090000
5 0.412500 0.432500 0.141667 0.110000
5 0.855833 0.728750 0.168333 0.097500
5 0.720833 0.480000 0.168333 0.090000
5 0.715833 0.777500 0.128333 0.080000
5 0.366667 0.537500 0.140000 0.075000
5 0.516667 0.868750 0.140000 0.087500
5 0.400833 0.632500 0.105000 0.060000
5 0.255000 0.577500 0.076667 0.085000
5 0.318333 0.811250 0.106667 0.062500
5 0.433333 0.850000 0.086667 0.075000
5 0.525000 0.807500 0.130000 0.070000
5 0.587500 0.426250 0.138333 0.077500
5 0.458333 0.735000 0.093333 0.060000
5 0.835000 0.818750 0.046667 0.057500
5 0.643333 0.911250 0.090000 0.067500
5 0.651667 0.872500 0.096667 0.070000
5 0.160833 0.852500 0.055000 0.075000
5 0.174167 0.587500 0.071667 0.105000
5 0.550000 0.695000 0.103333 0.055000
5 0.754167 0.658750 0.125000 0.072500
5 0.675833 0.548750 0.091667 0.067500
5 0.580833 0.541250 0.095000 0.057500
5 0.372500 0.698750 0.105000 0.082500
5 0.378333 0.590000 0.106667 0.035000
5 0.593333 0.763750 0.100000 0.052500
5 0.837500 0.606250 0.118333 0.057500
5 0.287500 0.631250 0.085000 0.072500
5 0.871667 0.656250 0.120000 0.072500