6 0.714638 0.385086 0.297697 0.173594
6 0.958882 0.173594 0.078947 0.215159
6 0.094572 0.360636 0.110197 0.080685
6 0.280428 0.624694 0.261513 0.168704
6 0.149671 0.896088 0.233553 0.158924
6 0.671875 0.658924 0.347039 0.168704
6 0.074836 0.805623 0.146382 0.163814
6 0.447368 0.110024 0.266447 0.156479
6 0.488487 0.278729 0.259868 0.161369
6 0.725329 0.865526 0.243421 0.234719
6 0.146382 0.504890 0.108553 0.110024
6 0.110197 0.266504 0.161184 0.117359
6 0.688322 0.797066 0.212171 0.136919
6 0.810033 0.143032 0.353618 0.286064
6 0.642270 0.492665 0.333882 0.198044