6 0.269531 0.603630 0.317188 0.165105
6 0.382422 0.399297 0.257031 0.189696
6 0.619531 0.679742 0.387500 0.207260
6 0.202734 0.716042 0.383594 0.179157
6 0.486328 0.569672 0.325781 0.172131
6 0.716797 0.224824 0.413281 0.215457
6 0.642578 0.433255 0.391406 0.229508
4 0.215625 0.141686 0.054688 0.042155
6 0.932031 0.296838 0.135937 0.155738
6 0.852734 0.553864 0.294531 0.348946
6 0.050781 0.551522 0.101562 0.121780
6 0.089844 0.356557 0.179688 0.261124
6 0.028125 0.598361 0.056250 0.138173
6 0.452344 0.657494 0.200000 0.127635
4 0.223438 0.153396 0.054688 0.042155
4 0.228125 0.403981 0.018750 0.028103
4 0.254297 0.216628 0.014844 0.042155
4 0.112891 0.157494 0.036719 0.036300
6 0.949219 0.940867 0.101562 0.097190
6 0.967969 0.735948 0.064062 0.097190
9 0.901172 0.974239 0.142969 0.051522