6 0.652333 0.810000 0.126000 0.092000
6 0.360667 0.843000 0.082667 0.048000
6 0.634667 0.324000 0.117333 0.074000
4 0.951000 0.029500 0.067333 0.059000
6 0.768333 0.367000 0.052667 0.038000
6 0.851333 0.615000 0.093333 0.066000
6 0.715000 0.468000 0.063333 0.066000
6 0.966667 0.598000 0.065333 0.114000
6 0.737000 0.124500 0.060667 0.045000
6 0.933333 0.470000 0.057333 0.082000
6 0.783667 0.451000 0.091333 0.052000
4 0.143333 0.652000 0.092000 0.062000
6 0.213667 0.737500 0.058000 0.053000
6 0.599333 0.661000 0.076000 0.058000
6 0.887333 0.918500 0.106667 0.075000
6 0.335000 0.412000 0.071333 0.094000
6 0.128000 0.831500 0.061333 0.045000
6 0.130667 0.746000 0.066667 0.066000
6 0.491667 0.676000 0.082000 0.056000
6 0.751333 0.167500 0.066667 0.051000
6 0.579667 0.455500 0.086000 0.057000
6 0.745333 0.228000 0.069333 0.050000
6 0.394333 0.655000 0.126000 0.094000
6 0.823667 0.172000 0.066000 0.046000
6 0.795333 0.117500 0.053333 0.049000
6 0.707000 0.301500 0.083333 0.049000
6 0.479000 0.826500 0.100667 0.057000
6 0.840667 0.364500 0.066667 0.063000
6 0.954667 0.794000 0.078667 0.068000
6 0.409333 0.915500 0.089333 0.055000
6 0.590333 0.222500 0.075333 0.077000
6 0.355667 0.758000 0.092667 0.062000
6 0.499333 0.186500 0.080000 0.047000
6 0.456000 0.780000 0.078667 0.052000
6 0.623333 0.265000 0.073333 0.044000
6 0.751333 0.887500 0.085333 0.079000
6 0.517000 0.342000 0.118000 0.076000
6 0.640667 0.114500 0.076000 0.047000
6 0.953333 0.704000 0.068000 0.064000
6 0.299000 0.689500 0.072667 0.089000
6 0.899667 0.570500 0.076667 0.117000
6 0.530000 0.868000 0.100000 0.060000
6 0.927000 0.203000 0.043333 0.056000