4 0.892578 0.190337 0.044922 0.043924
6 0.408203 0.210102 0.083984 0.054173
4 0.320801 0.827233 0.063477 0.087848
6 0.412598 0.360176 0.073242 0.058565
4 0.724609 0.211567 0.039062 0.062958
1 0.893555 0.649341 0.060547 0.083455
4 0.658203 0.332357 0.050781 0.040996
6 0.602051 0.440703 0.079102 0.152269
4 0.358398 0.839678 0.083984 0.065886
4 0.396484 0.042460 0.054688 0.064422
4 0.621582 0.169839 0.040039 0.043924
4 0.352051 0.909956 0.102539 0.083455
4 0.663086 0.420937 0.048828 0.060029
4 0.683594 0.251098 0.029297 0.042460
6 0.730957 0.392387 0.067383 0.061493
4 0.322266 0.418741 0.054688 0.043924
6 0.793457 0.338946 0.057617 0.048316
4 0.252441 0.758419 0.092773 0.079063
4 0.259277 0.838946 0.057617 0.096633
6 0.773438 0.443631 0.111328 0.076135
6 0.376953 0.314788 0.068359 0.052709
6 0.833008 0.317716 0.050781 0.049780
6 0.828613 0.264275 0.081055 0.051245
6 0.479980 0.363104 0.073242 0.061493
6 0.523926 0.415813 0.073242 0.061493
6 0.482422 0.313324 0.068359 0.052709
1 0.878906 0.457540 0.060547 0.065886
1 0.875000 0.546120 0.058594 0.061493
1 0.598633 0.578331 0.058594 0.073206
1 0.083984 0.806003 0.041016 0.074671
1 0.130859 0.715227 0.068359 0.060029