6 0.405000 0.233974 0.183846 0.162393
6 0.338462 0.411859 0.116923 0.116453
6 0.966538 0.258547 0.065385 0.094017
6 0.684615 0.829594 0.160000 0.129274
6 0.836154 0.684829 0.190769 0.153846
6 0.279231 0.134615 0.207692 0.106838
6 0.090385 0.516560 0.180769 0.148504
6 0.465385 0.509081 0.187692 0.114316
6 0.896923 0.474893 0.096923 0.195513
6 0.155385 0.590812 0.215385 0.130342
6 0.904231 0.081197 0.142308 0.145299
6 0.683077 0.574252 0.172308 0.157051
6 0.520769 0.302885 0.152308 0.101496
6 0.061923 0.299145 0.123846 0.115385
6 0.071923 0.186432 0.143846 0.086538
6 0.766538 0.304487 0.203846 0.115385