6 0.656190 0.494286 0.217143 0.165714
6 0.874762 0.707857 0.157143 0.187143
4 0.961905 0.576429 0.059048 0.087143
6 0.364286 0.696429 0.214286 0.221429
6 0.547143 0.632143 0.220000 0.152857
6 0.504762 0.331429 0.272381 0.168571
6 0.834286 0.552857 0.106667 0.148571
6 0.511905 0.808571 0.164762 0.174286
6 0.354762 0.428571 0.101905 0.102857
6 0.402857 0.467857 0.116190 0.121429
6 0.526667 0.477857 0.240000 0.175714
6 0.373333 0.552857 0.076190 0.065714
6 0.385714 0.615714 0.167619 0.094286
6 0.478095 0.767143 0.167619 0.145714
6 0.392857 0.762857 0.069524 0.091429
6 0.608095 0.813571 0.145714 0.158571
4 0.090000 0.721429 0.086667 0.091429