6 0.605385 0.598152 0.247692 0.166282
6 0.849231 0.379908 0.240000 0.177829
6 0.952308 0.258661 0.092308 0.193995
6 0.220000 0.608545 0.267692 0.210162
6 0.180000 0.429561 0.113846 0.129330
6 0.577692 0.764434 0.247692 0.124711
6 0.365385 0.737875 0.226154 0.237875
6 0.477692 0.531178 0.173846 0.124711
6 0.232308 0.292148 0.107692 0.108545
6 0.633077 0.842956 0.266154 0.152425
6 0.827692 0.839492 0.249231 0.316397
6 0.070000 0.897229 0.140000 0.187067
6 0.455385 0.127021 0.150769 0.221709
6 0.817692 0.071594 0.081538 0.096998
6 0.934615 0.023095 0.127692 0.046189
6 0.953077 0.057737 0.093846 0.115473
6 0.898462 0.092379 0.120000 0.092379
6 0.800000 0.232102 0.113846 0.117783
6 0.933077 0.199769 0.133846 0.122402
6 0.686923 0.217090 0.047692 0.124711
6 0.729231 0.207852 0.033846 0.129330
6 0.749231 0.158199 0.076923 0.159353
6 0.719231 0.034642 0.053846 0.069284
6 0.681538 0.084296 0.080000 0.127021
6 0.585385 0.069284 0.060000 0.138568
6 0.644615 0.028868 0.067692 0.057737
6 0.713077 0.032333 0.047692 0.064665
6 0.767692 0.512702 0.107692 0.157044
6 0.711538 0.518476 0.050769 0.090069
6 0.963846 0.527714 0.072308 0.177829
6 0.944615 0.678984 0.110769 0.203233
6 0.802308 0.693995 0.207692 0.127021
6 0.883846 0.521940 0.038462 0.110855
6 0.760769 0.957275 0.266154 0.085450
6 0.536154 0.959584 0.103077 0.066975
6 0.455385 0.861432 0.178462 0.124711
6 0.162308 0.939954 0.183077 0.120092
6 0.030769 0.766744 0.061538 0.110855
6 0.091538 0.892610 0.183077 0.214781
6 0.129231 0.794457 0.107692 0.092379
6 0.204615 0.782910 0.101538 0.180139
6 0.109231 0.765589 0.193846 0.131640
6 0.386154 0.636259 0.098462 0.103926
6 0.272308 0.636259 0.110769 0.117783
6 0.336154 0.413395 0.093846 0.254042
6 0.401538 0.490762 0.138462 0.113164
6 0.671538 0.414550 0.161538 0.131640
6 0.567692 0.207852 0.086154 0.138568
6 0.515385 0.326790 0.120000 0.150115
6 0.450769 0.034642 0.190769 0.069284
6 0.593846 0.337182 0.160000 0.083141
6 0.373846 0.263279 0.196923 0.157044
6 0.401538 0.189376 0.258462 0.147806
6 0.243077 0.468822 0.156923 0.096998
6 0.153077 0.542725 0.146154 0.060046
6 0.130769 0.637413 0.261538 0.129330
6 0.096923 0.442263 0.095385 0.113164
6 0.101538 0.532333 0.098462 0.094688
6 0.139231 0.205543 0.066154 0.152425
6 0.192308 0.168591 0.052308 0.143187
6 0.257692 0.144342 0.081538 0.136259
6 0.054615 0.200924 0.038462 0.143187
6 0.012308 0.265589 0.024615 0.129330
6 0.017692 0.356813 0.035385 0.122402
6 0.075385 0.361432 0.046154 0.140878
6 0.255385 0.364896 0.052308 0.106236
6 0.282308 0.379908 0.072308 0.090069
6 0.331538 0.349885 0.032308 0.057737
6 0.408462 0.330254 0.084615 0.106236
6 0.380000 0.957275 0.080000 0.085450
6 0.283077 0.971132 0.135385 0.057737