6 0.201429 0.500000 0.097143 0.085837
6 0.800000 0.365880 0.160000 0.105150
6 0.399286 0.150215 0.095714 0.060086
6 0.705714 0.273605 0.114286 0.070815
6 0.487143 0.066524 0.102857 0.064378
6 0.631429 0.341202 0.108571 0.081545
6 0.357857 0.110515 0.061429 0.053648
6 0.448571 0.760730 0.125714 0.087983
6 0.282143 0.597639 0.115714 0.083691
6 0.905714 0.269313 0.174286 0.109442
6 0.385000 0.239270 0.101429 0.075107
6 0.877143 0.427039 0.171429 0.103004
6 0.872143 0.118026 0.150000 0.107296
6 0.508571 0.393777 0.105714 0.079399
6 0.775714 0.625536 0.182857 0.100858
6 0.552857 0.478541 0.125714 0.085837
6 0.227857 0.699571 0.124286 0.111588
6 0.589286 0.089056 0.098571 0.075107
6 0.390000 0.628755 0.091429 0.064378
6 0.295000 0.410944 0.112857 0.079399
6 0.728571 0.118026 0.102857 0.090129
6 0.764286 0.531116 0.111429 0.066524
6 0.825000 0.217811 0.155714 0.105150
6 0.705714 0.042918 0.097143 0.085837
6 0.564286 0.589056 0.142857 0.109442
6 0.376429 0.313305 0.110000 0.081545
6 0.622857 0.232833 0.117143 0.079399
6 0.213571 0.339056 0.112857 0.085837
6 0.171429 0.402361 0.071429 0.062232
6 0.275000 0.465665 0.092857 0.064378
6 0.185714 0.559013 0.068571 0.049356
6 0.147143 0.649142 0.065714 0.057940
6 0.281429 0.683476 0.077143 0.049356
6 0.304286 0.729614 0.060000 0.055794
6 0.375714 0.675966 0.071429 0.042918
6 0.372857 0.490343 0.097143 0.075107
6 0.447857 0.525751 0.084286 0.064378
6 0.401429 0.563305 0.102857 0.062232
6 0.410714 0.438841 0.081429 0.053648
6 0.417857 0.395923 0.087143 0.083691
6 0.337143 0.356223 0.074286 0.060086
6 0.536429 0.342275 0.115714 0.083691
6 0.457143 0.278970 0.085714 0.077253
6 0.442857 0.222103 0.065714 0.070815
6 0.495000 0.194206 0.075714 0.057940
6 0.501429 0.144850 0.082857 0.062232
6 0.577857 0.393777 0.058571 0.079399
6 0.627857 0.474249 0.075714 0.072961
6 0.710714 0.474249 0.095714 0.064378
6 0.687857 0.392704 0.112857 0.090129
6 0.795714 0.471030 0.094286 0.049356
6 0.833571 0.503219 0.070000 0.040773
6 0.770714 0.546137 0.158571 0.066524
6 0.862857 0.711373 0.148571 0.079399
6 0.942857 0.677039 0.111429 0.070815
6 0.918571 0.525751 0.131429 0.077253
6 0.907857 0.767167 0.184286 0.105150
6 0.956429 0.580472 0.087143 0.066524
6 0.162143 0.234979 0.081429 0.057940
6 0.330000 0.256438 0.088571 0.062232
6 0.430714 0.721030 0.084286 0.064378
6 0.535000 0.663090 0.098571 0.064378
6 0.559286 0.552575 0.121429 0.062232
6 0.630000 0.582618 0.045714 0.075107
6 0.540000 0.198498 0.062857 0.049356
6 0.590714 0.140558 0.055714 0.036481
6 0.651429 0.158798 0.077143 0.060086
6 0.770000 0.068670 0.085714 0.064378
6 0.940714 0.183476 0.115714 0.087983
6 0.961429 0.110515 0.077143 0.066524
6 0.935000 0.035408 0.118571 0.057940
6 0.056429 0.546137 0.112857 0.066524
6 0.079286 0.460300 0.098571 0.079399
6 0.073571 0.364807 0.087143 0.068670
6 0.066429 0.265021 0.090000 0.083691
6 0.100000 0.081545 0.057143 0.068670
6 0.117143 0.321888 0.097143 0.060086
6 0.460000 0.638412 0.088571 0.070815
6 0.225000 0.291845 0.052857 0.051502
6 0.064286 0.624464 0.062857 0.064378
6 0.025714 0.049356 0.051429 0.068670
6 0.258571 0.524678 0.031429 0.040773