4 0.637000 0.784108 0.212000 0.209895
4 0.380000 0.293103 0.160000 0.148426
4 0.112500 0.847076 0.067000 0.131934
4 0.858500 0.407796 0.227000 0.326837
4 0.047000 0.458021 0.082000 0.094453
4 0.364000 0.510495 0.186000 0.175412
4 0.150500 0.898801 0.085000 0.181409
4 0.306500 0.857571 0.123000 0.128936
4 0.355500 0.694903 0.101000 0.103448
4 0.117000 0.496252 0.068000 0.062969
4 0.481000 0.869565 0.264000 0.194903
4 0.264000 0.722639 0.138000 0.089955
6 0.303000 0.583958 0.126000 0.079460
4 0.204000 0.339580 0.080000 0.178411
4 0.769500 0.869565 0.105000 0.170915
4 0.685000 0.521739 0.286000 0.260870