6 0.902500 0.061947 0.160000 0.123894
6 0.845000 0.243363 0.310000 0.345133
6 0.903750 0.480088 0.192500 0.393805
6 0.910000 0.800885 0.180000 0.309735
6 0.867500 0.774336 0.235000 0.345133
6 0.662500 0.710177 0.305000 0.340708
6 0.798750 0.486726 0.277500 0.256637
6 0.423750 0.794248 0.317500 0.411504
6 0.468750 0.426991 0.357500 0.429204
6 0.845000 0.230088 0.310000 0.353982
6 0.272500 0.061947 0.150000 0.123894
6 0.276250 0.148230 0.117500 0.137168
6 0.406250 0.121681 0.172500 0.243363
6 0.530000 0.176991 0.320000 0.353982
6 0.626250 0.190265 0.267500 0.309735
6 0.098750 0.803097 0.197500 0.393805
6 0.260000 0.747788 0.265000 0.300885
6 0.190000 0.577434 0.220000 0.331858
6 0.066250 0.493363 0.132500 0.278761
6 0.042500 0.327434 0.085000 0.238938
6 0.130000 0.287611 0.120000 0.168142
6 0.198750 0.409292 0.207500 0.402655