6 0.204722 0.197083 0.150556 0.079167
6 0.385278 0.309583 0.138333 0.074167
6 0.613889 0.253333 0.126667 0.081667
6 0.669444 0.376667 0.133333 0.096667
6 0.228056 0.270833 0.132778 0.073333
6 0.583333 0.564167 0.192222 0.128333
6 0.392222 0.243333 0.112222 0.073333
6 0.460556 0.422083 0.121111 0.114167
6 0.888056 0.647500 0.223889 0.151667
6 0.281944 0.514167 0.253889 0.156667
6 0.881944 0.465000 0.156111 0.093333
6 0.636389 0.423333 0.141667 0.085000
6 0.843333 0.322917 0.135556 0.099167
6 0.214722 0.340833 0.161667 0.081667
6 0.065833 0.464583 0.131667 0.082500
6 0.103611 0.387917 0.206111 0.105833