6 0.578333 0.782152 0.356667 0.430446
6 0.110833 0.770341 0.221667 0.422572
6 0.106667 0.068241 0.150000 0.136483
6 0.539167 0.087927 0.061667 0.076115
6 0.719167 0.161417 0.161667 0.291339
6 0.844167 0.082677 0.128333 0.165354
6 0.368333 0.585302 0.126667 0.236220
6 0.314167 0.129921 0.218333 0.254593
6 0.931667 0.245407 0.113333 0.102362
6 0.800000 0.236220 0.070000 0.083990
6 0.253333 0.893701 0.060000 0.196850
6 0.405000 0.062992 0.090000 0.125984
6 0.645000 0.606299 0.216667 0.162730
6 0.258333 0.460630 0.103333 0.091864
6 0.795000 0.631234 0.263333 0.238845
6 0.724167 0.392388 0.178333 0.196850