6 0.165000 0.587940 0.083333 0.100503
6 0.006667 0.545226 0.013333 0.045226
6 0.011667 0.643216 0.023333 0.070352
6 0.080000 0.726131 0.073333 0.075377
6 0.038333 0.791457 0.076667 0.075377
6 0.015000 0.904523 0.030000 0.060302
6 0.258333 0.771357 0.176667 0.135678
6 0.303333 0.479899 0.080000 0.075377
6 0.320000 0.648241 0.100000 0.140704
6 0.483333 0.628141 0.140000 0.130653
6 0.618333 0.565327 0.096667 0.095477
6 0.470000 0.746231 0.106667 0.115578
6 0.275000 0.851759 0.143333 0.105528
6 0.340000 0.912060 0.100000 0.075377
6 0.431667 0.896985 0.110000 0.206030
6 0.505000 0.854271 0.110000 0.180905
6 0.575000 0.871859 0.076667 0.135678
6 0.676667 0.788945 0.113333 0.130653
6 0.810000 0.891960 0.180000 0.105528
6 0.765000 0.761307 0.043333 0.135678
4 0.718333 0.753769 0.063333 0.070352
6 0.886667 0.517588 0.133333 0.150754
6 0.913333 0.371859 0.133333 0.070352
6 0.896667 0.409548 0.080000 0.055276
6 0.990000 0.344221 0.020000 0.055276