6 0.487099 0.558496 0.120407 0.091922
6 0.551994 0.559192 0.090696 0.082173
6 0.530884 0.630223 0.086005 0.045961
6 0.599296 0.693593 0.057076 0.066852
6 0.515637 0.728412 0.058640 0.061281
6 0.522283 0.658078 0.089132 0.062674
6 0.537138 0.683844 0.089132 0.103064
6 0.594214 0.765320 0.076622 0.057103
6 0.596951 0.806407 0.068022 0.072423
6 0.785770 0.899721 0.073495 0.125348
6 0.643081 0.911560 0.082095 0.065460
6 0.667318 0.962396 0.068022 0.050139
6 0.591087 0.646936 0.065676 0.048747
6 0.611024 0.586351 0.046130 0.050139
6 0.599687 0.612813 0.053167 0.041783
6 0.600860 0.538301 0.033620 0.043175
6 0.550821 0.513231 0.091478 0.071031
6 0.572322 0.449861 0.100078 0.097493
6 0.571149 0.405989 0.043002 0.054318
6 0.501955 0.450557 0.089132 0.082173
6 0.494918 0.511142 0.031274 0.038997
6 0.419077 0.477716 0.054730 0.083565
6 0.533620 0.376045 0.044566 0.072423
6 0.480453 0.400418 0.055512 0.068245
6 0.462471 0.318245 0.041439 0.040390
6 0.446052 0.348189 0.057076 0.047354
6 0.534402 0.293872 0.041439 0.058496
6 0.417905 0.391365 0.064894 0.033426
6 0.385457 0.279944 0.068804 0.064067
6 0.302580 0.208217 0.073495 0.048747
6 0.413995 0.349582 0.041439 0.047354
6 0.482017 0.301532 0.063331 0.093315
6 0.447224 0.221448 0.051603 0.058496
6 0.498045 0.218663 0.040657 0.075209
6 0.480844 0.169220 0.050039 0.090529
6 0.342846 0.059889 0.044566 0.083565
6 0.366693 0.113510 0.054730 0.062674
4 0.374120 0.025070 0.028929 0.038997
4 0.418686 0.084262 0.033620 0.079387
4 0.460907 0.087744 0.016419 0.069638
6 0.442533 0.135794 0.057858 0.087744
4 0.086787 0.305710 0.046912 0.062674
4 0.728694 0.439415 0.018765 0.093315
4 0.719703 0.548050 0.016419 0.112813