6 0.713333 0.182500 0.226667 0.155000
6 0.158333 0.725000 0.263333 0.160000
6 0.528333 0.412500 0.250000 0.175000
6 0.871667 0.610000 0.250000 0.250000
6 0.911667 0.470000 0.176667 0.220000
6 0.190000 0.887500 0.240000 0.165000
6 0.556667 0.260000 0.206667 0.150000
6 0.313333 0.357500 0.266667 0.155000
6 0.423333 0.112500 0.253333 0.135000
6 0.243333 0.572500 0.233333 0.205000
6 0.495000 0.570000 0.310000 0.190000
6 0.721667 0.330000 0.223333 0.150000
6 0.081667 0.315000 0.163333 0.120000
6 0.296667 0.217500 0.246667 0.135000
6 0.535000 0.872500 0.230000 0.145000