5 0.493571 0.506438 0.118571 0.064378
4 0.388571 0.213519 0.240000 0.233906
5 0.620000 0.378755 0.091429 0.079399
5 0.632857 0.452790 0.068571 0.072961
5 0.805000 0.623391 0.104286 0.062232
5 0.702857 0.825107 0.151429 0.079399
5 0.212143 0.628755 0.124286 0.214592
5 0.796429 0.531116 0.101429 0.066524
5 0.599286 0.212446 0.067143 0.051502
5 0.669286 0.628755 0.130000 0.068670
5 0.712143 0.133047 0.061429 0.064378
5 0.480000 0.582618 0.137143 0.139485
5 0.915714 0.201717 0.088571 0.072961
5 0.922143 0.458155 0.095714 0.066524
5 0.116429 0.820815 0.138571 0.122318
5 0.727857 0.066524 0.067143 0.064378
5 0.431429 0.291845 0.102857 0.060086
5 0.904286 0.376609 0.137143 0.070815
5 0.695714 0.230687 0.140000 0.066524
5 0.753571 0.454936 0.092857 0.068670
5 0.802857 0.286481 0.105714 0.070815
5 0.349286 0.835837 0.132857 0.118026
5 0.966429 0.283262 0.064286 0.077253