6 0.519792 0.621296 0.112500 0.087037
6 0.040365 0.537037 0.079687 0.112963
6 0.697135 0.772685 0.145313 0.104630
6 0.577865 0.945833 0.176563 0.102778
6 0.565104 0.319907 0.084375 0.173148
6 0.559635 0.159259 0.067187 0.098148
6 0.596354 0.502778 0.121875 0.109259
6 0.294792 0.530093 0.130208 0.110185
6 0.176823 0.249074 0.107813 0.090741
6 0.964844 0.564352 0.070312 0.089815
6 0.805208 0.581944 0.108333 0.112037
6 0.647135 0.671296 0.131771 0.170370
6 0.700000 0.381019 0.064583 0.058333
6 0.572396 0.838426 0.258333 0.178704
6 0.198437 0.137500 0.170833 0.136111
6 0.110156 0.852315 0.163021 0.237963
6 0.144531 0.393519 0.151562 0.122222
6 0.647656 0.428241 0.088021 0.078704
6 0.126302 0.311111 0.073438 0.081481
6 0.407813 0.090741 0.040625 0.175926
6 0.257552 0.453241 0.103646 0.073148
6 0.788021 0.274537 0.079167 0.065741
6 0.304427 0.169444 0.114062 0.112963
6 0.736719 0.319444 0.072396 0.068519
6 0.805729 0.353704 0.105208 0.070370
6 0.500781 0.370833 0.074479 0.132407
6 0.862500 0.481481 0.133333 0.127778
6 0.110156 0.217130 0.095312 0.084259
6 0.371354 0.543519 0.097917 0.212963
6 0.634896 0.271759 0.075000 0.087963
6 0.032552 0.422222 0.064062 0.090741
6 0.463542 0.468056 0.090625 0.169444
6 0.308854 0.074537 0.116667 0.106481
6 0.073698 0.095833 0.127604 0.121296
6 0.270573 0.362500 0.111979 0.097222
6 0.739583 0.892593 0.214583 0.211111
6 0.389062 0.363889 0.090625 0.168519
6 0.492708 0.084722 0.111458 0.078704
6 0.239844 0.296296 0.117188 0.124074
6 0.045312 0.255556 0.088542 0.075926
6 0.068750 0.280093 0.050000 0.100926
6 0.030208 0.205093 0.028125 0.023148
6 0.011719 0.190278 0.023438 0.060185
6 0.176563 0.038426 0.111458 0.063889
6 0.487500 0.215741 0.071875 0.101852
6 0.952604 0.500926 0.040625 0.118519
6 0.711719 0.409259 0.047396 0.027778
6 0.738542 0.448148 0.018750 0.027778
6 0.790104 0.468519 0.011458 0.024074
6 0.361458 0.672222 0.156250 0.131481
6 0.691667 0.262963 0.039583 0.075926