5 0.371667 0.781250 0.180000 0.147500
5 0.709167 0.380000 0.155000 0.085000
5 0.035000 0.637500 0.070000 0.095000
5 0.265000 0.270000 0.133333 0.075000
5 0.755000 0.477500 0.166667 0.085000
5 0.545833 0.567500 0.188333 0.165000
5 0.040000 0.271250 0.080000 0.072500
5 0.208333 0.347500 0.100000 0.065000
5 0.635000 0.900000 0.216667 0.160000
5 0.206667 0.831250 0.160000 0.097500
5 0.528333 0.353750 0.156667 0.082500
5 0.892500 0.675000 0.188333 0.120000
5 0.181667 0.572500 0.126667 0.105000
5 0.205833 0.910000 0.191667 0.090000
5 0.542500 0.407500 0.131667 0.075000
5 0.656667 0.695000 0.243333 0.125000
5 0.174167 0.717500 0.175000 0.185000
5 0.843333 0.838750 0.263333 0.132500
5 0.467500 0.437500 0.135000 0.075000
5 0.329167 0.403750 0.125000 0.082500
5 0.634167 0.101250 0.075000 0.122500
5 0.071667 0.432500 0.143333 0.150000
5 0.922500 0.385000 0.151667 0.125000
5 0.362500 0.468750 0.131667 0.097500
5 0.622500 0.292500 0.158333 0.085000