6 0.239401 0.363333 0.174564 0.090000
6 0.799252 0.109167 0.211970 0.105000
6 0.475062 0.155833 0.197007 0.091667
6 0.572319 0.073333 0.221945 0.080000
6 0.846633 0.304167 0.271820 0.088333
6 0.802993 0.538333 0.304239 0.120000
6 0.701995 0.238333 0.301746 0.110000
6 0.582294 0.370833 0.256858 0.125000
6 0.547382 0.504167 0.301746 0.098333
6 0.362843 0.253333 0.197007 0.086667
6 0.421446 0.620833 0.299252 0.108333
6 0.347880 0.708333 0.316708 0.090000
6 0.719451 0.393333 0.271820 0.083333
6 0.750623 0.889167 0.364090 0.075000
6 0.802993 0.695833 0.294264 0.111667
6 0.197007 0.526667 0.174564 0.063333
6 0.675810 0.626667 0.319202 0.083333
6 0.209476 0.235833 0.169576 0.105000