6 0.658462 0.433368 0.133846 0.075551
6 0.701538 0.288562 0.116923 0.075551
6 0.508462 0.730850 0.132308 0.089192
6 0.893077 0.439664 0.086154 0.050367
6 0.095385 0.483736 0.081538 0.062959
6 0.299231 0.380902 0.092308 0.050367
6 0.831538 0.678909 0.143077 0.123820
6 0.611154 0.238195 0.103846 0.054565
6 0.196154 0.214586 0.084615 0.095488
6 0.891923 0.779119 0.102308 0.059811
6 0.177692 0.520462 0.110769 0.081847
6 0.091538 0.362539 0.078462 0.055614
6 0.593077 0.295908 0.143077 0.090241
4 0.557692 0.017838 0.044615 0.035677
6 0.221538 0.442812 0.104615 0.062959
4 0.727308 0.119622 0.039231 0.037775
6 0.340385 0.525708 0.119231 0.119622
6 0.556154 0.460126 0.132308 0.089192
6 0.462308 0.584995 0.132308 0.089192
6 0.372692 0.262854 0.110000 0.089192
6 0.388846 0.174711 0.110000 0.089192
6 0.764615 0.545645 0.133846 0.075551
6 0.615385 0.372508 0.133846 0.075551