6 0.622917 0.770370 0.112500 0.103704
6 0.457292 0.740741 0.068750 0.096296
6 0.216667 0.418519 0.095833 0.074074
6 0.834375 0.283333 0.060417 0.070370
6 0.229167 0.790741 0.083333 0.107407
6 0.866667 0.592593 0.083333 0.074074
6 0.125000 0.512963 0.100000 0.092593
6 0.776042 0.829630 0.102083 0.103704
6 0.114583 0.729630 0.129167 0.125926
6 0.214583 0.711111 0.104167 0.103704
6 0.400000 0.846296 0.083333 0.100000
6 0.298958 0.374074 0.081250 0.081481
6 0.058333 0.574074 0.100000 0.081481
6 0.303125 0.812963 0.089583 0.107407
6 0.747917 0.625926 0.095833 0.081481