6 0.066500 0.110000 0.081000 0.062667
6 0.794500 0.284667 0.115000 0.129333
6 0.762500 0.570667 0.065000 0.138667
6 0.803000 0.223333 0.130000 0.094667
6 0.882000 0.112667 0.096000 0.100000
6 0.727500 0.407333 0.099000 0.124000
6 0.377500 0.881333 0.101000 0.101333
6 0.584500 0.354667 0.113000 0.122667
6 0.782500 0.102000 0.121000 0.092000
6 0.700500 0.258000 0.035000 0.124000
6 0.179500 0.421333 0.091000 0.098667
6 0.421500 0.120667 0.101000 0.057333
6 0.617500 0.090667 0.159000 0.082667
6 0.542000 0.170667 0.112000 0.106667
6 0.162500 0.070000 0.081000 0.057333
6 0.362500 0.744000 0.107000 0.117333
6 0.619000 0.238667 0.104000 0.133333
6 0.495000 0.182667 0.094000 0.077333
6 0.299500 0.147333 0.093000 0.089333
6 0.682000 0.762667 0.072000 0.144000
6 0.652500 0.549333 0.115000 0.133333
6 0.927000 0.608000 0.102000 0.096000
6 0.695500 0.150667 0.147000 0.074667
6 0.152500 0.558000 0.079000 0.094667
6 0.781500 0.102000 0.121000 0.092000
6 0.100500 0.201333 0.121000 0.077333
6 0.160500 0.156000 0.071000 0.061333
6 0.079500 0.280000 0.103000 0.053333
6 0.052000 0.323333 0.088000 0.073333
6 0.139500 0.324000 0.101000 0.069333
6 0.160000 0.196667 0.080000 0.062667
6 0.191000 0.236667 0.068000 0.046667
6 0.240000 0.276667 0.076000 0.044000
6 0.347000 0.338667 0.120000 0.064000
6 0.377000 0.275333 0.044000 0.078667
4 0.390500 0.190000 0.061000 0.020000
6 0.279500 0.505333 0.059000 0.053333
6 0.294000 0.457333 0.030000 0.093333
6 0.326000 0.428000 0.030000 0.114667
6 0.329500 0.525333 0.027000 0.074667
6 0.375000 0.481333 0.084000 0.168000
6 0.395500 0.416000 0.075000 0.029333
6 0.453500 0.434000 0.101000 0.153333
6 0.446000 0.533333 0.062000 0.090667
6 0.483500 0.448667 0.037000 0.092000
6 0.299000 0.589333 0.028000 0.069333
6 0.323500 0.637333 0.031000 0.101333
6 0.473000 0.638000 0.028000 0.142667
4 0.449500 0.747333 0.051000 0.062667
6 0.570000 0.709333 0.078000 0.144000
6 0.583500 0.638000 0.067000 0.081333
6 0.551500 0.947333 0.043000 0.105333
6 0.658000 0.972000 0.066000 0.056000
6 0.798000 0.946667 0.090000 0.106667
6 0.909000 0.749333 0.060000 0.117333
6 0.945000 0.526000 0.058000 0.113333
6 0.707500 0.552000 0.083000 0.133333
6 0.755000 0.368000 0.020000 0.149333
6 0.948500 0.296667 0.103000 0.076000
6 0.956500 0.214667 0.087000 0.069333
6 0.970500 0.249333 0.059000 0.029333
6 0.986500 0.370667 0.027000 0.050667
6 0.886000 0.183333 0.078000 0.065333
6 0.875500 0.043333 0.137000 0.057333
6 0.905500 0.098000 0.091000 0.068000
6 0.954500 0.072000 0.091000 0.058667
6 0.982000 0.138667 0.036000 0.048000
6 0.712000 0.039333 0.086000 0.060000
6 0.691500 0.076000 0.087000 0.061333
6 0.300500 0.029333 0.113000 0.053333
6 0.331500 0.089333 0.063000 0.072000
6 0.346500 0.080000 0.051000 0.058667
6 0.392500 0.044667 0.055000 0.068000
6 0.466000 0.020000 0.084000 0.040000
4 0.232000 0.015333 0.070000 0.030667
6 0.498500 0.304000 0.041000 0.069333
6 0.512000 0.590000 0.068000 0.148000
6 0.081500 0.589333 0.059000 0.074667