0 0.438672 0.416667 0.191406 0.227778
4 0.538281 0.102083 0.060937 0.084722
4 0.423828 0.201389 0.030469 0.036111
4 0.489453 0.305556 0.019531 0.041667
4 0.634766 0.086806 0.019531 0.026389
4 0.679297 0.076389 0.024219 0.036111
4 0.730469 0.068750 0.021875 0.034722
4 0.644531 0.113889 0.021875 0.027778
4 0.919531 0.114583 0.028125 0.045833
4 0.883203 0.025000 0.025781 0.033333
4 0.783203 0.018750 0.016406 0.029167
4 0.377734 0.594444 0.032031 0.030556
4 0.430078 0.620139 0.027344 0.040278
4 0.611328 0.324306 0.019531 0.040278
4 0.325781 0.431944 0.023438 0.030556