4 0.817578 0.240278 0.017969 0.027778
4 0.835938 0.252778 0.020313 0.030556
4 0.666016 0.213889 0.016406 0.030556
4 0.803906 0.195833 0.018750 0.027778
4 0.876172 0.123611 0.019531 0.027778
4 0.136328 0.239583 0.128906 0.087500
0 0.428125 0.510417 0.442188 0.359722
4 0.746094 0.034722 0.070312 0.066667
4 0.838281 0.157639 0.026562 0.029167
4 0.913672 0.162500 0.021094 0.027778
4 0.878906 0.182639 0.025000 0.034722
4 0.763672 0.127778 0.021094 0.030556
4 0.146484 0.661806 0.100781 0.137500
4 0.448437 0.680556 0.135937 0.094444