0 0.519141 0.681944 0.208594 0.213889
0 0.623828 0.462500 0.267969 0.236111
0 0.374609 0.212500 0.235156 0.211111
4 0.044141 0.312500 0.052344 0.041667
4 0.052734 0.393750 0.036719 0.048611
4 0.050391 0.513194 0.036719 0.043056
4 0.075000 0.580556 0.046875 0.052778
8 0.658203 0.257639 0.039844 0.056944
4 0.461328 0.427778 0.036719 0.041667
4 0.412109 0.452778 0.027344 0.050000
4 0.333203 0.538194 0.022656 0.040278
4 0.293359 0.523611 0.019531 0.036111
4 0.193359 0.468056 0.035156 0.030556
1 0.027734 0.719444 0.055469 0.083333
1 0.180469 0.616667 0.029687 0.061111
8 0.558594 0.769444 0.070312 0.061111
8 0.571094 0.717361 0.057813 0.045833