4 0.074219 0.107639 0.028125 0.020833
4 0.175781 0.120139 0.021875 0.026389
4 0.258594 0.109722 0.017188 0.022222
4 0.322266 0.045833 0.022656 0.019444
4 0.114453 0.011806 0.024219 0.023611
4 0.205859 0.104861 0.024219 0.020833
4 0.193359 0.136806 0.025781 0.026389
4 0.081250 0.186111 0.026562 0.027778
4 0.290234 0.088889 0.019531 0.022222
4 0.046094 0.197917 0.031250 0.023611
4 0.217578 0.165972 0.016406 0.023611
4 0.222266 0.134722 0.016406 0.022222
4 0.120313 0.197222 0.023438 0.027778
4 0.499219 0.544444 0.017188 0.027778
4 0.250391 0.620833 0.028906 0.036111
4 0.206641 0.608333 0.025781 0.027778