4 0.158984 0.046528 0.024219 0.023611
4 0.122266 0.180556 0.021094 0.025000
4 0.034766 0.126389 0.027344 0.022222
4 0.146875 0.089583 0.021875 0.018056
4 0.128125 0.066667 0.023438 0.019444
4 0.247656 0.042361 0.021875 0.020833
4 0.021094 0.047917 0.025000 0.023611
4 0.069922 0.200000 0.032031 0.027778
4 0.248438 0.586806 0.023438 0.026389
4 0.602734 0.251389 0.022656 0.016667
4 0.372656 0.062500 0.023438 0.013889
4 0.456641 0.230556 0.016406 0.013889
4 0.278516 0.011806 0.022656 0.015278
4 0.317188 0.100694 0.015625 0.015278
4 0.318359 0.056250 0.019531 0.012500
4 0.377734 0.424306 0.013281 0.031944
4 0.043750 0.909722 0.015625 0.055556
13 0.123047 0.394444 0.033594 0.038889
4 0.109766 0.350000 0.025781 0.013889
4 0.162500 0.234028 0.025000 0.015278
4 0.144922 0.222917 0.022656 0.020833
4 0.787891 0.623611 0.024219 0.016667
4 0.701562 0.916667 0.021875 0.066667