4 0.769531 0.427315 0.078646 0.078704
4 0.665365 0.830093 0.049479 0.097222
4 0.117969 0.191204 0.027604 0.037963
4 0.584375 0.583333 0.050000 0.048148
4 0.775000 0.141204 0.043750 0.075000
4 0.138542 0.303704 0.046875 0.053704
4 0.031771 0.157407 0.034375 0.064815
4 0.684375 0.596296 0.055208 0.185185
4 0.659896 0.107407 0.042708 0.059259
4 0.288802 0.355093 0.041146 0.102778
4 0.864844 0.478704 0.069271 0.109259
4 0.743750 0.316204 0.040625 0.065741
4 0.617188 0.131944 0.056250 0.167593
4 0.476302 0.062037 0.024479 0.051852
4 0.607812 0.475000 0.044792 0.066667
4 0.488281 0.424074 0.058854 0.068519