4 0.605469 0.204167 0.036979 0.039815
4 0.459115 0.112037 0.030729 0.037037
4 0.755729 0.837037 0.188542 0.153704
4 0.695833 0.130093 0.030208 0.050926
4 0.935417 0.404630 0.038542 0.055556
9 0.704688 0.641667 0.114583 0.100000
4 0.548438 0.067593 0.031250 0.068519
4 0.615625 0.391667 0.089583 0.092593
4 0.883333 0.095833 0.058333 0.091667
4 0.076042 0.627315 0.043750 0.052778
4 0.977604 0.141667 0.039583 0.038889
4 0.679427 0.487500 0.040104 0.049074
4 0.065625 0.536111 0.101042 0.103704
9 0.860677 0.706944 0.117188 0.086111