4 0.074740 0.394444 0.036979 0.070370
4 0.408854 0.936111 0.046875 0.075926
4 0.975000 0.216667 0.030208 0.053704
4 0.090625 0.025000 0.037500 0.044444
4 0.721094 0.310648 0.050521 0.065741
4 0.037500 0.199074 0.051042 0.053704
4 0.447656 0.541204 0.048438 0.106481
4 0.518490 0.338889 0.022396 0.057407
4 0.179948 0.097685 0.038021 0.041667
4 0.142187 0.111111 0.054167 0.050000
4 0.238542 0.107870 0.028125 0.056481
4 0.426042 0.062963 0.022917 0.031481
4 0.601302 0.086574 0.042188 0.045370
4 0.683333 0.193519 0.067708 0.174074