4 0.279167 0.069444 0.034375 0.053704
4 0.072396 0.316667 0.037500 0.070370
4 0.426823 0.521296 0.070312 0.105556
4 0.324740 0.094907 0.035937 0.047222
4 0.573958 0.241204 0.041667 0.045370
4 0.137500 0.290278 0.039583 0.056481
4 0.891927 0.030556 0.039062 0.046296
4 0.254427 0.591667 0.041146 0.079630
4 0.483073 0.162500 0.036979 0.039815
4 0.577083 0.947222 0.064583 0.062963
4 0.536458 0.562500 0.052083 0.058333
4 0.551823 0.050000 0.024479 0.046296
4 0.106250 0.170370 0.021875 0.053704
4 0.519271 0.795833 0.045833 0.130556