4 0.101875 0.423333 0.047750 0.041333
4 0.537500 0.323667 0.041000 0.052667
4 0.522000 0.192667 0.065000 0.070667
4 0.749625 0.326833 0.043250 0.031000
4 0.207375 0.718833 0.032750 0.026333
4 0.563000 0.342167 0.030000 0.026333
4 0.653500 0.312167 0.027500 0.025667
4 0.849250 0.233500 0.047500 0.052333
4 0.025000 0.571333 0.032000 0.030000
4 0.320625 0.239333 0.046250 0.050667
4 0.651750 0.250667 0.019500 0.036000
4 0.706500 0.381000 0.026500 0.024000
4 0.411375 0.237500 0.015750 0.037667
4 0.372375 0.395000 0.016250 0.028000
4 0.352250 0.556000 0.017000 0.022667