8 0.236250 0.717667 0.281000 0.121333
4 0.516750 0.549500 0.134000 0.062333
4 0.601125 0.412167 0.125750 0.075000
4 0.812125 0.435500 0.059750 0.108333
4 0.788250 0.267167 0.045500 0.123000
4 0.647125 0.189833 0.131750 0.054333
4 0.511375 0.299167 0.099250 0.087667
4 0.329000 0.345333 0.119500 0.062000
4 0.178875 0.358167 0.092250 0.046333
4 0.064625 0.381167 0.129250 0.057667
4 0.276375 0.541500 0.086250 0.087667
4 0.057375 0.603667 0.107750 0.065333
4 0.664500 0.329333 0.039500 0.068667
4 0.240375 0.146667 0.038250 0.032000
4 0.498250 0.229667 0.049000 0.038000