5 0.250781 0.225463 0.217188 0.143519
5 0.229948 0.575463 0.115104 0.097222
5 0.771354 0.854630 0.069792 0.244444
5 0.273698 0.853704 0.328646 0.290741
5 0.890625 0.602778 0.168750 0.188889
5 0.809635 0.486111 0.156771 0.238889
4 0.544531 0.282870 0.074479 0.071296
5 0.632812 0.783333 0.265625 0.366667
5 0.077604 0.498611 0.154167 0.286111
5 0.132552 0.590278 0.060937 0.143519
4 0.908073 0.474537 0.183854 0.237963
4 0.291406 0.020833 0.167187 0.041667
4 0.056771 0.670833 0.106250 0.113889
4 0.020052 0.757407 0.040104 0.081481
4 0.570052 0.941204 0.099479 0.117593