4 0.413542 0.409259 0.261458 0.164815
4 0.526823 0.769444 0.051562 0.142593
4 0.793229 0.556944 0.176042 0.115741
4 0.925521 0.548148 0.148958 0.192593
4 0.746875 0.438889 0.057292 0.066667
4 0.653125 0.456944 0.081250 0.075000
4 0.448177 0.135185 0.026562 0.098148
4 0.084375 0.473611 0.107292 0.154630
8 0.805729 0.911111 0.066667 0.050000
8 0.705208 0.707870 0.038542 0.028704
8 0.596615 0.786111 0.047396 0.029630
8 0.416927 0.795370 0.036979 0.022222
8 0.396615 0.734259 0.031771 0.022222
8 0.366667 0.698611 0.029167 0.017593
4 0.787500 0.245370 0.023958 0.033333