4 0.034115 0.705556 0.068229 0.166667
4 0.628125 0.859259 0.079167 0.150000
4 0.788281 0.548611 0.101562 0.202778
4 0.919531 0.096759 0.160938 0.171296
4 0.402344 0.262963 0.218229 0.164815
4 0.748958 0.138426 0.126042 0.156481
4 0.189583 0.097222 0.373958 0.194444
4 0.854948 0.332407 0.289062 0.270370
4 0.664844 0.268519 0.090104 0.061111
4 0.726562 0.270370 0.190625 0.288889
4 0.598437 0.837963 0.042708 0.061111
4 0.588021 0.723148 0.031250 0.062963
4 0.650000 0.751389 0.027083 0.063889
4 0.719271 0.689352 0.051042 0.045370