4 0.285938 0.157407 0.056250 0.120370
4 0.703906 0.723148 0.104688 0.109259
4 0.934896 0.597685 0.130208 0.184259
4 0.717448 0.418519 0.080729 0.088889
8 0.583594 0.484259 0.024479 0.079630
8 0.188802 0.726389 0.053646 0.034259
8 0.546094 0.661574 0.048438 0.036111
8 0.911198 0.780093 0.082812 0.045370
4 0.768229 0.594907 0.044792 0.097222
8 0.807552 0.726852 0.046354 0.038889
8 0.519271 0.751389 0.038542 0.025000
8 0.474479 0.705093 0.038542 0.036111
8 0.449479 0.668981 0.044792 0.030556
8 0.460156 0.527315 0.048438 0.047222
4 0.500000 0.503241 0.033333 0.054630