4 0.751302 0.301852 0.497396 0.362963
8 0.721094 0.461574 0.054688 0.060185
4 0.483594 0.077315 0.160938 0.117593
4 0.232813 0.061111 0.123958 0.122222
4 0.088542 0.769444 0.131250 0.079630
5 0.101562 0.673611 0.203125 0.113889
5 0.496875 0.650463 0.134375 0.225000
5 0.471354 0.322222 0.107292 0.207407
5 0.296094 0.800926 0.126562 0.148148
5 0.393750 0.795833 0.073958 0.145370
5 0.373437 0.948611 0.244792 0.102778
5 0.561979 0.753704 0.341667 0.492593
5 0.682031 0.793981 0.252604 0.302778
5 0.860677 0.542593 0.168229 0.198148
5 0.941927 0.920370 0.116146 0.159259