8 0.346250 0.479333 0.157000 0.091333
8 0.831125 0.297500 0.228250 0.104333
8 0.620250 0.380500 0.223500 0.119000
8 0.388625 0.104833 0.175750 0.076333
8 0.061750 0.283667 0.123500 0.116000
8 0.398625 0.386667 0.164250 0.087333
8 0.073500 0.504333 0.146500 0.107333
8 0.609750 0.284833 0.162000 0.077667
8 0.801750 0.821500 0.156000 0.072333
8 0.886750 0.575000 0.225500 0.105333
8 0.161375 0.956833 0.128250 0.064333
8 0.383625 0.715333 0.156250 0.086667
8 0.902375 0.445667 0.194750 0.108667
8 0.133875 0.416000 0.173250 0.077333
8 0.448250 0.573667 0.263500 0.128667
8 0.818000 0.042667 0.202500 0.085333
8 0.247875 0.918000 0.135750 0.080000
5 0.483500 0.146000 0.132500 0.096000
8 0.767375 0.476000 0.186250 0.083333
8 0.456250 0.790833 0.127500 0.058333
8 0.126000 0.701167 0.181500 0.085000
8 0.572250 0.452500 0.177000 0.084333
8 0.168000 0.529500 0.193000 0.083000
8 0.432375 0.238000 0.211750 0.106000
8 0.272375 0.371833 0.211250 0.103000
8 0.212500 0.794667 0.219000 0.103333
8 0.310500 0.145833 0.210000 0.106333
8 0.680375 0.545667 0.200250 0.100667
8 0.921750 0.234500 0.156500 0.108333
8 0.582000 0.735667 0.229500 0.100667
8 0.553875 0.891000 0.204250 0.087333
8 0.747125 0.703333 0.218250 0.075333
8 0.904375 0.776167 0.191250 0.118333
8 0.922375 0.950833 0.155250 0.094333
8 0.181500 0.627333 0.201000 0.070667