0 0.368000 0.194373 0.165333 0.383632
0 0.670667 0.635550 0.320000 0.723785
0 0.447333 0.567775 0.268000 0.583120
0 0.732667 0.185422 0.142667 0.253197
0 0.108667 0.263427 0.212000 0.398977
0 0.048000 0.594629 0.082667 0.258312
0 0.087333 0.457801 0.140000 0.143223
0 0.101333 0.664962 0.069333 0.255754
0 0.042667 0.822251 0.072000 0.196931
0 0.194000 0.565217 0.230667 0.388747
0 0.256000 0.364450 0.152000 0.258312
0 0.275333 0.654731 0.094667 0.352941
0 0.501333 0.337596 0.128000 0.306905
0 0.891333 0.161125 0.217333 0.322251
0 0.904000 0.459079 0.192000 0.427110
0 0.904667 0.833760 0.190667 0.332481