8 0.533818 0.465966 0.858216 0.699700
5 0.111222 0.937437 0.213427 0.119119
5 0.086423 0.800300 0.171844 0.179179
5 0.369489 0.895896 0.165832 0.188188
5 0.324399 0.818819 0.168838 0.114114
5 0.786323 0.259259 0.150802 0.266266
5 0.360721 0.682683 0.119238 0.098098
5 0.215180 0.074074 0.093687 0.110110
5 0.331914 0.098599 0.106713 0.107107
5 0.591934 0.880881 0.061623 0.118118
5 0.723948 0.917918 0.072144 0.084084
5 0.926854 0.862863 0.085170 0.256256
5 0.197144 0.527027 0.047595 0.149149
5 0.262525 0.556557 0.078156 0.074074
5 0.879509 0.111111 0.084669 0.092092
5 0.136022 0.490991 0.056613 0.087087
5 0.135020 0.066567 0.061623 0.079079
5 0.076904 0.086086 0.071643 0.138138
5 0.504008 0.858859 0.073146 0.074074