4 0.455208 0.186111 0.066667 0.068519
4 0.257552 0.124074 0.048438 0.029630
4 0.329167 0.208796 0.026042 0.045370
4 0.410156 0.289352 0.034896 0.043519
4 0.239583 0.723611 0.061458 0.073148
4 0.151042 0.679630 0.097917 0.079630
4 0.155208 0.620370 0.103125 0.083333
4 0.039062 0.496759 0.067708 0.095370
4 0.774219 0.723611 0.051562 0.095370
4 0.816406 0.338889 0.025521 0.074074
4 0.761458 0.195370 0.028125 0.040741
4 0.820052 0.083333 0.041146 0.050000
4 0.785937 0.032870 0.038542 0.034259
4 0.735938 0.045833 0.038542 0.045370
4 0.715885 0.203704 0.014063 0.050000
4 0.632552 0.062500 0.020313 0.037963
4 0.970052 0.023611 0.034896 0.047222
4 0.540885 0.556481 0.153646 0.155556
4 0.457813 0.762037 0.094792 0.072222