1 0.834961 0.599561 0.052734 0.054173
1 0.405762 0.163982 0.051758 0.052709
1 0.812988 0.721816 0.049805 0.040996
1 0.422852 0.286237 0.035156 0.036603
1 0.697266 0.403367 0.058594 0.051245
1 0.272949 0.817716 0.079102 0.071742
1 0.570801 0.532943 0.047852 0.046852
1 0.442383 0.648609 0.050781 0.058565
1 0.435547 0.765739 0.060547 0.073206
1 0.317871 0.294290 0.045898 0.052709
1 0.453125 0.928258 0.076172 0.061493
1 0.583984 0.252562 0.048828 0.048316
1 0.434570 0.089312 0.046875 0.055637
1 0.166504 0.564422 0.083008 0.060029
1 0.655273 0.221083 0.039062 0.043924
1 0.091797 0.077599 0.056641 0.058565
1 0.687012 0.448755 0.036133 0.042460
1 0.213379 0.530747 0.067383 0.074671
1 0.704590 0.648609 0.055664 0.061493
1 0.099609 0.595900 0.044922 0.064422
1 0.518555 0.255490 0.039062 0.039531
1 0.572754 0.457540 0.030273 0.036603
1 0.928711 0.588580 0.050781 0.049780
1 0.477051 0.175695 0.032227 0.038067
1 0.480957 0.254026 0.034180 0.042460
1 0.239746 0.316984 0.038086 0.045388
4 0.520020 0.797950 0.057617 0.067350
1 0.773926 0.357980 0.036133 0.033675
1 0.734375 0.420937 0.035156 0.033675
1 0.022949 0.262811 0.045898 0.062958
1 0.064453 0.054173 0.033203 0.046852
1 0.143555 0.302343 0.019531 0.060029
1 0.893066 0.368228 0.032227 0.033675