4 0.762778 0.070000 0.067778 0.063333
1 0.366667 0.219167 0.091111 0.105000
1 0.496111 0.815000 0.114444 0.130000
1 0.062222 0.492500 0.115556 0.121667
1 0.773333 0.495833 0.097778 0.131667
1 0.218333 0.607500 0.065556 0.101667
1 0.238333 0.408333 0.050000 0.080000
1 0.533333 0.450833 0.148889 0.151667
1 0.413889 0.685833 0.094444 0.161667
1 0.364444 0.432500 0.068889 0.151667
1 0.517778 0.902500 0.084444 0.115000
1 0.529444 0.297500 0.070000 0.078333
1 0.590000 0.315833 0.062222 0.058333
1 0.533889 0.610833 0.158889 0.168333
1 0.146111 0.315833 0.054444 0.108333
1 0.320000 0.767500 0.200000 0.195000
1 0.905556 0.270000 0.100000 0.103333
1 0.281111 0.583333 0.068889 0.120000
1 0.753333 0.245833 0.117778 0.208333
1 0.614444 0.727500 0.088889 0.108333
1 0.865556 0.553333 0.071111 0.130000
1 0.295556 0.372500 0.093333 0.078333
1 0.206111 0.679167 0.050000 0.101667
1 0.208889 0.784167 0.082222 0.138333
1 0.252222 0.673333 0.055556 0.106667
1 0.231667 0.970000 0.054444 0.060000
1 0.539444 0.952500 0.110000 0.095000
4 0.163333 0.687500 0.028889 0.045000