1 0.790234 0.626026 0.200781 0.229777
1 0.829688 0.424971 0.210938 0.207503
1 0.463672 0.175264 0.291406 0.301290
4 0.487500 0.820047 0.304688 0.235639
4 0.401953 0.546893 0.082031 0.071512
4 0.137891 0.662954 0.047656 0.177022
4 0.664453 0.219812 0.091406 0.069168
4 0.784375 0.073857 0.120313 0.075029
4 0.924609 0.115475 0.063281 0.059789
4 0.916016 0.301290 0.063281 0.063306
1 0.588281 0.441970 0.059375 0.077374
1 0.308203 0.376319 0.130469 0.189918
1 0.713281 0.366940 0.045312 0.093787
6 0.175391 0.829426 0.269531 0.341149
6 0.108594 0.117233 0.214062 0.234467
4 0.571094 0.327081 0.159375 0.147714
4 0.196484 0.326495 0.085156 0.094959
4 0.248828 0.249707 0.060156 0.060961
4 0.545312 0.968933 0.062500 0.062134