1 0.439941 0.574219 0.209961 0.242188
4 0.726074 0.824870 0.108398 0.069010
4 0.624512 0.601562 0.116211 0.044271
4 0.729980 0.041667 0.120117 0.059896
4 0.909668 0.062500 0.122070 0.070312
4 0.873047 0.255208 0.136719 0.091146
4 0.726074 0.235026 0.166992 0.115885
4 0.679688 0.264974 0.066406 0.053385
4 0.589355 0.252604 0.081055 0.057292
4 0.524902 0.181641 0.100586 0.076823
4 0.502441 0.330078 0.110352 0.058594
4 0.434082 0.402995 0.063477 0.045573
4 0.288574 0.454427 0.059570 0.052083
4 0.230469 0.450521 0.052734 0.044271
4 0.149902 0.286458 0.069336 0.044271
4 0.059082 0.511068 0.110352 0.074219
4 0.344238 0.039062 0.094727 0.078125
4 0.462891 0.037760 0.054688 0.072917
4 0.834473 0.583984 0.102539 0.100260
4 0.688965 0.441406 0.100586 0.070312
4 0.847168 0.771484 0.129883 0.084635
4 0.793457 0.680990 0.094727 0.078125
4 0.951660 0.671224 0.096680 0.087240
4 0.752930 0.755208 0.089844 0.052083
4 0.657227 0.542318 0.078125 0.058594
4 0.597168 0.452474 0.065430 0.042969
4 0.323730 0.274740 0.051758 0.067708
4 0.754883 0.505208 0.056641 0.044271