1 0.117188 0.343750 0.143750 0.175000
1 0.741406 0.557292 0.120313 0.122917
1 0.491406 0.239583 0.132812 0.120833
1 0.461719 0.583333 0.142187 0.204167
1 0.294531 0.453125 0.148438 0.139583
1 0.528125 0.068750 0.109375 0.125000
1 0.085156 0.761458 0.170313 0.143750
1 0.173437 0.605208 0.156250 0.202083
1 0.700781 0.841667 0.198437 0.166667
1 0.210938 0.166667 0.159375 0.158333
1 0.653125 0.689583 0.143750 0.195833
1 0.797656 0.527083 0.123438 0.133333
1 0.692187 0.378125 0.112500 0.147917
1 0.071094 0.418750 0.142187 0.125000
1 0.532031 0.502083 0.092188 0.125000
1 0.813281 0.825000 0.107813 0.170833
1 0.944531 0.645833 0.110937 0.175000
1 0.952344 0.487500 0.095312 0.141667
4 0.870313 0.122917 0.103125 0.095833
1 0.350000 0.128125 0.050000 0.072917
1 0.387500 0.459375 0.081250 0.093750
1 0.285156 0.572917 0.129688 0.070833
1 0.457813 0.952083 0.181250 0.095833