1 0.461914 0.351391 0.054688 0.096633
1 0.468262 0.212299 0.028320 0.067350
1 0.579590 0.658126 0.045898 0.083455
1 0.355957 0.611274 0.059570 0.130307
1 0.558105 0.241581 0.038086 0.061493
1 0.616211 0.405564 0.052734 0.128843
1 0.715332 0.393119 0.045898 0.089312
1 0.421387 0.102489 0.038086 0.087848
1 0.362305 0.092240 0.029297 0.067350
1 0.624512 0.225476 0.040039 0.064422
1 0.440918 0.563690 0.071289 0.143485
1 0.331543 0.244510 0.067383 0.114202
1 0.672363 0.608346 0.040039 0.068814
1 0.755859 0.628843 0.029297 0.057101
4 0.047852 0.366032 0.062500 0.076135
4 0.069336 0.240117 0.039062 0.055637
4 0.152344 0.180820 0.039062 0.048316
4 0.535156 0.740117 0.054688 0.095168
4 0.546875 0.556369 0.031250 0.064422