4 0.099432 0.164957 0.037500 0.042735
1 0.052273 0.646154 0.102273 0.119658
4 0.044318 0.217094 0.036364 0.041026
1 0.888636 0.438462 0.054545 0.107692
1 0.601136 0.534188 0.095455 0.104274
1 0.743750 0.167521 0.067045 0.071795
1 0.464205 0.176068 0.053409 0.082051
1 0.352841 0.410256 0.060227 0.095726
8 0.079545 0.556410 0.156818 0.090598
1 0.439205 0.400855 0.064773 0.080342
1 0.413068 0.770940 0.021591 0.054701
1 0.750568 0.328205 0.085227 0.109402
1 0.389773 0.374359 0.061364 0.126496
4 0.274432 0.219658 0.017045 0.035897
4 0.287500 0.252991 0.018182 0.034188
4 0.212500 0.288034 0.020455 0.042735
4 0.383523 0.262393 0.032955 0.025641
4 0.666477 0.379487 0.030682 0.037607
1 0.551136 0.610256 0.034091 0.075214
4 0.731818 0.391453 0.100000 0.095726
4 0.708523 0.109402 0.023864 0.037607
4 0.675568 0.590598 0.028409 0.025641
4 0.667045 0.558974 0.015909 0.023932
4 0.792614 0.535897 0.030682 0.022222
4 0.848295 0.523932 0.030682 0.032479
4 0.975568 0.551282 0.021591 0.025641
4 0.963636 0.470940 0.025000 0.029060
4 0.944318 0.552991 0.020455 0.022222