5 0.724667 0.292633 0.126667 0.110505
5 0.508667 0.765348 0.069333 0.196453
5 0.423000 0.192360 0.042000 0.057299
5 0.351667 0.629604 0.022000 0.075034
5 0.508667 0.135061 0.020000 0.084584
5 0.286667 0.592087 0.038667 0.068213
5 0.535000 0.320600 0.094000 0.100955
5 0.419667 0.796726 0.039333 0.092769
5 0.397000 0.756480 0.039333 0.121419
5 0.539000 0.609141 0.110000 0.173261
5 0.667000 0.593452 0.124667 0.079127
5 0.463333 0.530696 0.057333 0.100955
5 0.361333 0.724420 0.021333 0.128240
5 0.900333 0.118008 0.066000 0.121419
5 0.387000 0.345157 0.039333 0.062756
5 0.317333 0.646658 0.032000 0.079127
5 0.445000 0.316508 0.023333 0.068213
5 0.552667 0.368349 0.098667 0.122783
5 0.254333 0.781037 0.060667 0.072306
5 0.439333 0.658936 0.070667 0.084584
5 0.596000 0.424284 0.078667 0.095498
5 0.743000 0.431787 0.174000 0.124147
5 0.380000 0.663711 0.020000 0.072306
5 0.414000 0.481583 0.041333 0.100955
5 0.264000 0.654843 0.025333 0.068213
5 0.843333 0.134379 0.082667 0.115962
5 0.753333 0.585948 0.093333 0.200546
5 0.429000 0.284447 0.068667 0.099591
5 0.373667 0.407231 0.028667 0.053206
5 0.453000 0.377217 0.044667 0.064120
5 0.501000 0.252387 0.042000 0.049113
5 0.548333 0.222374 0.026000 0.076398
5 0.703333 0.692360 0.081333 0.129604