5 0.226581 0.112500 0.293911 0.166667
5 0.474824 0.809375 0.427400 0.277083
5 0.827283 0.372917 0.293911 0.229167
5 0.271077 0.247917 0.225995 0.220833
5 0.083138 0.588542 0.163934 0.164583
5 0.454918 0.173958 0.275176 0.214583
5 0.595433 0.173958 0.258782 0.181250
5 0.069672 0.806250 0.137002 0.179167
5 0.334895 0.505208 0.271663 0.210417
5 0.220726 0.670833 0.242389 0.187500
5 0.747073 0.706250 0.423888 0.258333
5 0.620023 0.532292 0.298595 0.252083
5 0.149297 0.306250 0.263466 0.262500
5 0.435597 0.342708 0.325527 0.210417
5 0.717799 0.200000 0.264637 0.183333
5 0.165691 0.465625 0.242389 0.185417