5 0.269341 0.769524 0.366762 0.186667
5 0.571633 0.828095 0.555874 0.231429
5 0.403295 0.750476 0.351003 0.131429
5 0.815186 0.672857 0.366762 0.229524
5 0.835960 0.405714 0.213467 0.112381
5 0.709169 0.480000 0.297994 0.169524
5 0.479943 0.373333 0.510029 0.131429
5 0.376074 0.630000 0.179083 0.113333
5 0.171203 0.597619 0.339542 0.160952
5 0.430516 0.497143 0.233524 0.108571
5 0.471347 0.563333 0.157593 0.216190
5 0.203438 0.692381 0.200573 0.081905
5 0.673352 0.459048 0.177650 0.118095
5 0.733524 0.352857 0.074499 0.069524
5 0.120344 0.485238 0.240688 0.107619
5 0.022923 0.397143 0.045845 0.089524
5 0.138252 0.904286 0.276504 0.073333
5 0.189828 0.936190 0.204871 0.127619
5 0.907593 0.859524 0.184814 0.124762
5 0.560172 0.619524 0.074499 0.107619
5 0.630372 0.643810 0.065903 0.080000
5 0.034384 0.766190 0.068768 0.174286