5 0.368363 0.744286 0.157080 0.102857
5 0.376106 0.624286 0.141593 0.174286
5 0.337389 0.449286 0.214602 0.095714
5 0.466814 0.455714 0.119469 0.091429
5 0.415929 0.572143 0.150442 0.147143
5 0.275442 0.370000 0.188053 0.080000
5 0.463496 0.810714 0.258850 0.135714
5 0.284292 0.260714 0.148230 0.110000
5 0.263274 0.633571 0.159292 0.138571
5 0.390487 0.377143 0.108407 0.102857
5 0.522124 0.248571 0.176991 0.105714
5 0.500000 0.410714 0.146018 0.127143
5 0.675885 0.657143 0.236726 0.268571
5 0.206858 0.677143 0.161504 0.125714
5 0.415929 0.520714 0.150442 0.121429
5 0.554204 0.663571 0.201327 0.181429
5 0.684735 0.392857 0.334071 0.142857
5 0.351770 0.154286 0.305310 0.111429
5 0.664823 0.217143 0.201327 0.105714
5 0.529867 0.118571 0.196903 0.094286
5 0.144912 0.410714 0.219027 0.184286