5 0.240000 0.334000 0.045333 0.050000
5 0.525000 0.346000 0.063333 0.058000
5 0.847000 0.305500 0.082000 0.063000
5 0.278667 0.517000 0.132000 0.072000
5 0.617667 0.388500 0.048667 0.057000
5 0.737000 0.533000 0.195333 0.138000
5 0.604667 0.440000 0.054667 0.082000
5 0.193000 0.585500 0.096667 0.063000
5 0.195000 0.455000 0.080667 0.066000
5 0.497000 0.447500 0.080667 0.081000
5 0.205333 0.357000 0.032000 0.048000
5 0.562667 0.547000 0.110667 0.162000
5 0.337333 0.420000 0.070667 0.042000
5 0.549000 0.714500 0.156667 0.147000
5 0.887667 0.262500 0.108667 0.085000
5 0.460333 0.514000 0.086000 0.050000
5 0.328000 0.446500 0.070667 0.049000
5 0.644667 0.710500 0.146667 0.103000
5 0.710667 0.454500 0.054667 0.085000
5 0.158000 0.807000 0.097333 0.108000
5 0.778333 0.725500 0.175333 0.143000
5 0.333667 0.858000 0.179333 0.174000
5 0.151667 0.724500 0.098000 0.083000
5 0.874667 0.591500 0.101333 0.169000
5 0.197000 0.660000 0.100667 0.082000
5 0.413667 0.489000 0.067333 0.064000
5 0.347333 0.707500 0.136000 0.121000
5 0.338333 0.634000 0.114000 0.054000
5 0.579667 0.644000 0.136667 0.112000
5 0.183000 0.531000 0.092667 0.062000
5 0.200333 0.732500 0.102000 0.083000
5 0.860333 0.368500 0.092667 0.101000
5 0.733000 0.616000 0.171333 0.178000
5 0.463333 0.691500 0.166667 0.167000
5 0.387000 0.137000 0.068667 0.064000
5 0.249333 0.481500 0.108000 0.059000
5 0.928000 0.337500 0.088000 0.083000
5 0.288333 0.403000 0.080667 0.068000
5 0.608333 0.280500 0.131333 0.099000
5 0.432000 0.344500 0.112000 0.081000
5 0.457667 0.574000 0.127333 0.104000
5 0.311667 0.334500 0.086000 0.061000
5 0.378000 0.367000 0.110667 0.082000
5 0.407000 0.432500 0.104667 0.069000
5 0.403667 0.273000 0.080667 0.078000
5 0.766000 0.356500 0.062667 0.131000
5 0.723667 0.278000 0.075333 0.104000
5 0.720000 0.157500 0.078667 0.073000
5 0.374333 0.196500 0.060667 0.059000
5 0.308333 0.175500 0.058000 0.089000
5 0.666333 0.153000 0.039333 0.064000