5 0.115333 0.546000 0.086667 0.100000
5 0.723333 0.632000 0.209333 0.208000
5 0.745333 0.386000 0.109333 0.092000
5 0.656667 0.381000 0.110667 0.106000
5 0.181333 0.532000 0.085333 0.100000
5 0.270667 0.421000 0.125333 0.106000
5 0.763333 0.541000 0.198667 0.258000
5 0.558000 0.486000 0.137333 0.288000
5 0.392000 0.446000 0.136000 0.200000
5 0.341333 0.426000 0.109333 0.140000
5 0.483333 0.474000 0.062667 0.188000
5 0.542000 0.668000 0.225333 0.196000
5 0.636000 0.498000 0.186667 0.184000
5 0.402667 0.719000 0.165333 0.294000
5 0.460667 0.293000 0.148000 0.194000
5 0.315333 0.557000 0.105333 0.190000
5 0.551333 0.664000 0.206667 0.188000
5 0.192667 0.599000 0.118667 0.074000
5 0.720667 0.693000 0.158667 0.186000