1 0.375853 0.235625 0.070819 0.081250
5 0.595563 0.485625 0.474403 0.443750
4 0.329778 0.694375 0.053754 0.048750
4 0.187287 0.770000 0.079352 0.110000
4 0.189420 0.683750 0.059727 0.030000
4 0.231655 0.896875 0.041809 0.041250
4 0.645904 0.768125 0.054608 0.083750
4 0.960324 0.113125 0.079352 0.086250
4 0.125000 0.098125 0.057167 0.141250
4 0.248294 0.442500 0.042662 0.067500
4 0.288823 0.439375 0.038396 0.061250
4 0.510239 0.143750 0.049488 0.052500
4 0.545222 0.956250 0.076792 0.087500
4 0.917662 0.432500 0.087884 0.077500
4 0.968430 0.650000 0.063140 0.140000
4 0.863055 0.358750 0.034983 0.052500
4 0.595990 0.320000 0.033276 0.047500
4 0.641638 0.333750 0.051195 0.042500