5 0.323846 0.631276 0.230769 0.120293
5 0.496923 0.577406 0.153846 0.066946
5 0.607308 0.297071 0.183846 0.102510
5 0.115385 0.625000 0.166154 0.093096
5 0.855385 0.568515 0.173846 0.072176
5 0.525000 0.374477 0.177692 0.106695
5 0.201923 0.536611 0.130000 0.058577
5 0.462692 0.444038 0.151538 0.093096
5 0.429615 0.231695 0.153077 0.103556
5 0.729615 0.503138 0.193077 0.129707
5 0.727308 0.438808 0.165385 0.080544
5 0.355385 0.772490 0.216923 0.139121
5 0.290769 0.484310 0.135385 0.075314
5 0.110769 0.293410 0.158462 0.116109
4 0.637692 0.639644 0.146154 0.097280
4 0.468462 0.747908 0.133846 0.106695