5 0.313125 0.527706 0.487500 0.364502
4 0.256250 0.090043 0.031250 0.036364
5 0.328437 0.385714 0.211875 0.103030
5 0.423125 0.710390 0.485000 0.293506
5 0.815000 0.531169 0.312500 0.494372
4 0.308125 0.090909 0.033750 0.031169
5 0.506563 0.358874 0.339375 0.200000
4 0.136563 0.174459 0.025625 0.026840
5 0.682500 0.546753 0.167500 0.238095
5 0.133750 0.416883 0.198750 0.163636
5 0.233750 0.458442 0.130000 0.109957
4 0.215938 0.229870 0.015625 0.011255
4 0.325313 0.215152 0.014375 0.016450
4 0.541875 0.094805 0.016250 0.014719
4 0.545625 0.076190 0.012500 0.017316
4 0.529375 0.136797 0.013750 0.010390
4 0.727500 0.140260 0.013750 0.019048