5 0.796250 0.780339 0.350000 0.200376
5 0.560937 0.325494 0.203125 0.124177
5 0.792813 0.594544 0.371875 0.216369
5 0.417187 0.714487 0.208125 0.153340
5 0.783438 0.884760 0.388125 0.230480
5 0.532813 0.467074 0.319375 0.145814
5 0.233437 0.550329 0.171875 0.163688
5 0.579688 0.589840 0.094375 0.099718
4 0.355625 0.101129 0.056250 0.055503
4 0.238750 0.063500 0.025000 0.025400
4 0.172813 0.126529 0.024375 0.031044
4 0.754375 0.080433 0.028750 0.031044
4 0.871875 0.261524 0.035000 0.041392
4 0.850000 0.307150 0.027500 0.025400
4 0.878437 0.327846 0.036875 0.025400
4 0.822187 0.336783 0.028125 0.026341
4 0.806250 0.258231 0.028750 0.025400
4 0.143437 0.027281 0.029375 0.041392
4 0.735625 0.248354 0.020000 0.022578
4 0.708438 0.165099 0.019375 0.027281
4 0.899375 0.221543 0.022500 0.025400
4 0.869687 0.395108 0.024375 0.031985
4 0.844375 0.465663 0.017500 0.026341
4 0.187500 0.212606 0.020000 0.024459
4 0.790312 0.127469 0.024375 0.029163
4 0.963437 0.314205 0.023125 0.030103
4 0.944375 0.446849 0.025000 0.030103