5 0.444141 0.405556 0.080469 0.125000
5 0.367969 0.500694 0.087500 0.198611
5 0.727344 0.354861 0.079687 0.148611
5 0.517578 0.490278 0.071094 0.208333
5 0.706641 0.659028 0.089844 0.129167
5 0.583984 0.811806 0.271094 0.206944
5 0.293359 0.311806 0.164844 0.237500
5 0.184766 0.545139 0.149219 0.284722
5 0.671875 0.393056 0.096875 0.291667
5 0.450000 0.261111 0.229687 0.336111
5 0.123828 0.463889 0.174219 0.319444
5 0.632031 0.170139 0.098437 0.126389
5 0.073438 0.370833 0.146875 0.250000
5 0.491797 0.340278 0.067969 0.147222
5 0.246484 0.599306 0.174219 0.109722
5 0.583203 0.362500 0.155469 0.286111
5 0.780469 0.593750 0.090625 0.070833
5 0.379297 0.640278 0.158594 0.155556
5 0.762891 0.439583 0.064844 0.076389
5 0.332422 0.826389 0.221094 0.166667
5 0.595703 0.100694 0.058594 0.093056
5 0.543750 0.638194 0.234375 0.151389
5 0.785547 0.666667 0.050781 0.080556
5 0.803516 0.766667 0.053906 0.075000