5 0.319375 0.434334 0.101250 0.140713
5 0.263125 0.356473 0.118750 0.161351
5 0.594375 0.705441 0.081250 0.172608
5 0.490000 0.642589 0.057500 0.159475
5 0.457500 0.282364 0.082500 0.106942
5 0.646875 0.813321 0.121250 0.223265
5 0.306875 0.736398 0.231250 0.155722
5 0.491250 0.822702 0.080000 0.136961
5 0.564375 0.425891 0.091250 0.101313
5 0.795625 0.865854 0.103750 0.215760
5 0.787500 0.356473 0.185000 0.183865
5 0.194375 0.456848 0.093750 0.114447
5 0.151875 0.595685 0.256250 0.133208
5 0.626250 0.289869 0.135000 0.166979
5 0.361250 0.267355 0.140000 0.133208
5 0.375625 0.429644 0.103750 0.131332
5 0.709375 0.594747 0.171250 0.213884
5 0.892500 0.717636 0.140000 0.335835
5 0.499375 0.447467 0.086250 0.129456
5 0.506250 0.142589 0.177500 0.221388
5 0.441875 0.454972 0.106250 0.151970
5 0.711250 0.299250 0.200000 0.181989
5 0.372500 0.423077 0.092500 0.136961
5 0.513125 0.342402 0.116250 0.129456
5 0.452500 0.719512 0.095000 0.212008
5 0.372500 0.657598 0.102500 0.133208
5 0.370625 0.851782 0.096250 0.157598
5 0.540000 0.548780 0.052500 0.129456
5 0.449375 0.588180 0.088750 0.151970
5 0.812500 0.490619 0.162500 0.148218
5 0.675000 0.426829 0.132500 0.148218