5 0.630000 0.562000 0.062667 0.096000
5 0.466667 0.363000 0.050667 0.106000
5 0.304000 0.671000 0.064000 0.066000
5 0.536000 0.535000 0.056000 0.142000
5 0.470000 0.449000 0.049333 0.118000
5 0.562667 0.442000 0.082667 0.188000
5 0.360000 0.467000 0.080000 0.130000
5 0.734000 0.482000 0.102667 0.124000
5 0.405333 0.727000 0.186667 0.166000
5 0.444000 0.545000 0.056000 0.082000
5 0.509333 0.294000 0.056000 0.132000
5 0.418667 0.466000 0.053333 0.148000
5 0.868667 0.382000 0.057333 0.088000
5 0.608667 0.702000 0.078667 0.152000
5 0.516000 0.403000 0.042667 0.106000
5 0.375333 0.361000 0.089333 0.126000
5 0.654000 0.487000 0.062667 0.118000
5 0.608000 0.296000 0.077333 0.128000
5 0.608667 0.474000 0.057333 0.088000
5 0.696667 0.695000 0.153333 0.262000
5 0.414667 0.606000 0.069333 0.100000
5 0.296667 0.596000 0.100000 0.088000
5 0.376000 0.267000 0.045333 0.066000
5 0.438000 0.283000 0.062667 0.094000
5 0.314000 0.316000 0.030667 0.060000
5 0.336667 0.339000 0.030667 0.094000
5 0.280000 0.428000 0.056000 0.088000
5 0.300000 0.354000 0.034667 0.064000
5 0.328000 0.425000 0.034667 0.090000
5 0.316667 0.516000 0.033333 0.080000
5 0.295333 0.508000 0.022667 0.080000
5 0.273333 0.518000 0.029333 0.072000
5 0.348000 0.568000 0.037333 0.112000
5 0.545333 0.654000 0.085333 0.112000
5 0.485333 0.609000 0.040000 0.090000
5 0.503333 0.508000 0.038667 0.124000
5 0.592667 0.588000 0.062667 0.092000
5 0.559333 0.447000 0.052000 0.174000
5 0.592000 0.510000 0.032000 0.092000
5 0.547333 0.306000 0.025333 0.092000
5 0.574667 0.316000 0.034667 0.064000
5 0.649333 0.625000 0.042667 0.062000
5 0.678000 0.572000 0.033333 0.060000
5 0.709333 0.590000 0.053333 0.084000
5 0.601333 0.388000 0.029333 0.076000
5 0.634667 0.393000 0.045333 0.070000
5 0.666000 0.397000 0.028000 0.086000
5 0.700667 0.365000 0.028000 0.070000
5 0.646000 0.322000 0.022667 0.076000
5 0.671333 0.322000 0.033333 0.060000
5 0.630000 0.807000 0.089333 0.110000
5 0.511333 0.750000 0.068000 0.064000
4 0.397333 0.071000 0.064000 0.050000
4 0.588667 0.033000 0.041333 0.034000
5 0.730000 0.410000 0.028000 0.032000
4 0.891333 0.602000 0.025333 0.096000