5 0.612305 0.619141 0.195312 0.118490
5 0.774902 0.602865 0.217773 0.114583
5 0.240234 0.371094 0.119141 0.109375
5 0.581543 0.484375 0.131836 0.132812
5 0.688965 0.513021 0.190430 0.104167
5 0.337891 0.441406 0.136719 0.075521
5 0.496094 0.421875 0.136719 0.075521
5 0.367676 0.348307 0.118164 0.061198
5 0.423828 0.477214 0.154297 0.092448
5 0.851074 0.667969 0.174805 0.117188
5 0.453125 0.707031 0.197266 0.171875
5 0.399414 0.572266 0.160156 0.087240
1 0.129883 0.820964 0.107422 0.214844
1 0.283203 0.860026 0.146484 0.204427
1 0.497559 0.914062 0.114258 0.171875
1 0.601074 0.902995 0.139648 0.194010
1 0.742188 0.914714 0.150391 0.170573
1 0.888672 0.753255 0.177734 0.188802