8 0.912692 0.621026 0.088462 0.216410
4 0.140385 0.543077 0.091538 0.140513
4 0.495000 0.912308 0.088462 0.115897
8 0.961923 0.462564 0.076154 0.098462
8 0.542692 0.150769 0.108462 0.067692
8 0.712308 0.834359 0.069231 0.197949
8 0.850385 0.046154 0.157692 0.092308
8 0.430385 0.158974 0.094615 0.082051
8 0.573462 0.053333 0.114615 0.067692
8 0.816923 0.649231 0.090769 0.121026
8 0.743846 0.443077 0.052308 0.102564
8 0.756154 0.111795 0.129231 0.073846
8 0.826923 0.336923 0.092308 0.191795
8 0.363846 0.109744 0.107692 0.100513
8 0.887692 0.897436 0.218462 0.186667
8 0.631923 0.632821 0.073077 0.069744
8 0.661154 0.385128 0.036154 0.105641
8 0.696923 0.348205 0.078462 0.095385
8 0.662308 0.214872 0.070769 0.091282
8 0.753077 0.202564 0.138462 0.078974
8 0.887692 0.215897 0.123077 0.085128
8 0.927692 0.781026 0.144615 0.113846