0 0.390625 0.092857 0.256250 0.171429
0 0.692969 0.650000 0.245312 0.161905
0 0.610938 0.109524 0.225000 0.161905
0 0.726562 0.346429 0.265625 0.197619
0 0.463281 0.648810 0.223438 0.135714
0 0.289062 0.495238 0.396875 0.380952
0 0.665625 0.278571 0.212500 0.190476
0 0.864062 0.482143 0.259375 0.302381
0 0.348438 0.211905 0.275000 0.147619
0 0.538281 0.800000 0.332813 0.219048
0 0.923438 0.304762 0.153125 0.161905
0 0.092188 0.814286 0.184375 0.247619
0 0.284375 0.809524 0.215625 0.180952
0 0.319531 0.948810 0.173437 0.102381
0 0.875781 0.808333 0.248438 0.178571
0 0.669531 0.930952 0.176563 0.138095
0 0.835938 0.053571 0.190625 0.107143
0 0.417187 0.329762 0.221875 0.116667
0 0.921094 0.152381 0.157812 0.123810
0 0.560156 0.529762 0.226562 0.097619
0 0.103906 0.916667 0.204687 0.133333