4 0.900000 0.621622 0.200000 0.279279
4 0.303333 0.648649 0.066667 0.072072
4 0.388333 0.171171 0.096667 0.099099
4 0.706667 0.925676 0.046667 0.076577
1 0.640000 0.822072 0.133333 0.148649
8 0.846667 0.772523 0.300000 0.238739
4 0.195000 0.941441 0.203333 0.117117
4 0.406667 0.759009 0.140000 0.094595
1 0.585000 0.479730 0.243333 0.247748
8 0.398333 0.461712 0.290000 0.265766
4 0.508333 0.558559 0.256667 0.225225
4 0.515000 0.094595 0.050000 0.054054
8 0.186667 0.632883 0.093333 0.076577
4 0.198333 0.502252 0.070000 0.049550
4 0.108333 0.450450 0.063333 0.054054