8 0.287857 0.589506 0.061429 0.058642
4 0.699286 0.579475 0.175714 0.084877
4 0.300714 0.458333 0.221429 0.114198
4 0.640000 0.528549 0.108571 0.044753
4 0.112857 0.500772 0.051429 0.035494
4 0.032143 0.601080 0.055714 0.035494
4 0.440714 0.519290 0.052857 0.032407
4 0.454286 0.638889 0.062857 0.043210
8 0.262857 0.572531 0.100000 0.043210
4 0.545000 0.564043 0.061429 0.032407
8 0.423571 0.766975 0.327143 0.253086
4 0.844286 0.570988 0.231429 0.111111
4 0.495714 0.523148 0.045714 0.027778
4 0.738571 0.675926 0.248571 0.114198
4 0.870714 0.800926 0.255714 0.126543
4 0.187143 0.516975 0.045714 0.027778
1 0.217143 0.652006 0.137143 0.106481
8 0.310714 0.541667 0.064286 0.027778
4 0.414286 0.506944 0.051429 0.032407
8 0.105000 0.560957 0.118571 0.038580
4 0.098571 0.596451 0.068571 0.044753
4 0.850714 0.631944 0.084286 0.026235
4 0.900714 0.648920 0.081429 0.029321
4 0.977143 0.618827 0.042857 0.027778
4 0.982143 0.574846 0.035714 0.023148
4 0.187857 0.732253 0.161429 0.038580
4 0.305000 0.638117 0.032857 0.020062
4 0.312857 0.658179 0.080000 0.041667
4 0.368571 0.629630 0.051429 0.064815
4 0.165714 0.600309 0.080000 0.046296
4 0.214286 0.564815 0.071429 0.033951
4 0.184286 0.559414 0.025714 0.016975
4 0.349286 0.550926 0.055714 0.043210
4 0.376429 0.589506 0.064286 0.049383
4 0.445714 0.598765 0.037143 0.024691
4 0.490000 0.598765 0.034286 0.033951
4 0.443571 0.557870 0.052857 0.038580
4 0.472143 0.568673 0.058571 0.044753
4 0.422143 0.604938 0.027143 0.027778
4 0.435000 0.486111 0.021429 0.024691
4 0.394286 0.485340 0.034286 0.016975
4 0.513571 0.480710 0.052857 0.023148
4 0.564286 0.636574 0.054286 0.041667
4 0.617143 0.627315 0.054286 0.054012
4 0.550714 0.608796 0.041429 0.023148
4 0.569286 0.600309 0.030000 0.018519
4 0.562857 0.527778 0.065714 0.033951
4 0.537857 0.544753 0.055714 0.024691
4 0.535714 0.505401 0.080000 0.032407
4 0.270714 0.507716 0.032857 0.015432