0 0.537500 0.511905 0.237500 0.257143
0 0.416406 0.567857 0.185938 0.116667
0 0.712500 0.476190 0.303125 0.276190
0 0.522656 0.270238 0.223438 0.197619
0 0.309375 0.611905 0.184375 0.233333
0 0.300000 0.392857 0.256250 0.266667
0 0.111719 0.567857 0.223438 0.230952
0 0.264062 0.109524 0.253125 0.185714
0 0.769531 0.738095 0.235937 0.242857
0 0.536719 0.745238 0.167187 0.180952
0 0.092188 0.130952 0.181250 0.261905
0 0.025781 0.295238 0.051562 0.095238
0 0.117188 0.338095 0.153125 0.157143
0 0.235937 0.229762 0.187500 0.154762
0 0.135937 0.460714 0.175000 0.140476
0 0.413281 0.328571 0.123438 0.095238
0 0.363281 0.221429 0.114062 0.123810
0 0.921094 0.903571 0.154688 0.192857
0 0.678906 0.794048 0.139063 0.173810
4 0.406250 0.763095 0.043750 0.035714
4 0.489063 0.769048 0.043750 0.042857
4 0.238281 0.657143 0.035937 0.038095