4 0.105625 0.546250 0.036250 0.034167
4 0.147187 0.468333 0.021875 0.026667
4 0.500625 0.738750 0.388750 0.285833
4 0.188125 0.373750 0.030000 0.034167
4 0.137813 0.321250 0.019375 0.032500
4 0.150938 0.287917 0.014375 0.025833
4 0.089375 0.478750 0.046250 0.024167
4 0.261875 0.483750 0.030000 0.037500
4 0.282500 0.382917 0.032500 0.029167
4 0.284375 0.281250 0.023750 0.042500
4 0.269688 0.215833 0.031875 0.040000
4 0.361875 0.262500 0.026250 0.025000
4 0.357812 0.309583 0.023125 0.017500
4 0.377812 0.282083 0.011875 0.037500