8 0.475769 0.178974 0.159231 0.097436
8 0.179231 0.054359 0.095385 0.108718
4 0.586923 0.427692 0.129231 0.102564
4 0.211538 0.578974 0.072308 0.056410
8 0.747692 0.654359 0.146154 0.118974
8 0.353077 0.041026 0.046154 0.082051
8 0.628846 0.292308 0.117692 0.129231
8 0.360385 0.249231 0.048462 0.082051
8 0.508077 0.929744 0.405385 0.138462
8 0.616154 0.538974 0.070769 0.101538
8 0.552692 0.718974 0.260769 0.149744
8 0.273077 0.114359 0.047692 0.095385
8 0.183846 0.326667 0.052308 0.163077
8 0.836538 0.463077 0.305385 0.265641
8 0.790000 0.854359 0.126154 0.166154
8 0.404615 0.826154 0.181538 0.130256
8 0.856923 0.783590 0.209231 0.084103