4 0.133301 0.279099 0.221680 0.197747
4 0.693848 0.110763 0.081055 0.076345
4 0.584473 0.640175 0.069336 0.081352
8 0.384766 0.583855 0.417969 0.424280
4 0.619629 0.117021 0.045898 0.111389
4 0.197266 0.483730 0.042969 0.066333
4 0.304688 0.963079 0.056641 0.056320
4 0.370605 0.938673 0.094727 0.110138
4 0.800293 0.829161 0.061523 0.043805
4 0.658691 0.370463 0.104492 0.080100
4 0.038574 0.553191 0.061523 0.167710
4 0.130371 0.615144 0.088867 0.091364
4 0.847656 0.180225 0.197266 0.250313
4 0.511719 0.787860 0.107422 0.086358
4 0.399414 0.239675 0.052734 0.043805
4 0.831055 0.526283 0.058594 0.088861
4 0.681641 0.854193 0.087891 0.058824
4 0.465820 0.102628 0.060547 0.060075
4 0.868164 0.285982 0.080078 0.071339
4 0.916992 0.027534 0.111328 0.055069
4 0.054199 0.223404 0.088867 0.146433
4 0.070801 0.558824 0.043945 0.051314
4 0.029297 0.955569 0.058594 0.088861
8 0.157715 0.889237 0.309570 0.141427