9 0.269816 0.480867 0.022688 0.072959
9 0.536043 0.500255 0.058874 0.057653
9 0.325388 0.539031 0.051694 0.073980
9 0.350373 0.280867 0.094199 0.094388
9 0.249282 0.299235 0.043079 0.037245
9 0.497990 0.613520 0.062608 0.101531
9 0.668438 0.775255 0.020965 0.072959
9 0.516083 0.836735 0.029868 0.042857
9 0.750574 0.575765 0.069213 0.070918
9 0.360569 0.125255 0.055428 0.090306
9 0.461086 0.272194 0.051407 0.067857
9 0.243107 0.133673 0.029581 0.108163
9 0.285899 0.362500 0.037622 0.078061
9 0.574383 0.834439 0.032740 0.063776
9 0.543222 0.596173 0.046812 0.150510
9 0.200316 0.387500 0.028432 0.053571
9 0.416427 0.202296 0.032740 0.080102
9 0.384693 0.765051 0.069787 0.110714
9 0.667289 0.629082 0.078978 0.075510
9 0.744831 0.414031 0.083573 0.088265
4 0.459075 0.154847 0.048535 0.053571
4 0.415422 0.141582 0.037048 0.051531
4 0.423320 0.271173 0.022975 0.039286
4 0.509190 0.300255 0.043079 0.043367
4 0.529006 0.348724 0.031591 0.037245
4 0.579552 0.397959 0.014934 0.041837
4 0.599512 0.413520 0.020965 0.045408
4 0.624497 0.435459 0.034176 0.033163
4 0.650057 0.418112 0.016944 0.045408
4 0.711804 0.359694 0.030729 0.043878
4 0.750431 0.366582 0.029294 0.048469
4 0.803274 0.358163 0.048248 0.065306
4 0.747415 0.509949 0.035325 0.034184
4 0.745261 0.468367 0.037909 0.032653
4 0.639001 0.569133 0.026422 0.031122
4 0.575244 0.538010 0.021827 0.034184
4 0.483343 0.413520 0.024698 0.039286
4 0.641298 0.907908 0.039632 0.057653
4 0.701895 0.895918 0.041356 0.043878
4 0.723148 0.808673 0.036186 0.043878
4 0.785325 0.850000 0.040494 0.041837
4 0.815049 0.794388 0.051120 0.062245
4 0.763642 0.638010 0.048248 0.084184
4 0.811603 0.539541 0.036760 0.040306
4 0.721855 0.601276 0.035325 0.039286
9 0.395175 0.576276 0.028145 0.042347
9 0.369615 0.425255 0.029868 0.068878
9 0.460798 0.346173 0.030729 0.045408
9 0.455485 0.581888 0.020103 0.034184
9 0.449885 0.774235 0.015796 0.034184
9 0.620190 0.759184 0.035899 0.032653
9 0.936674 0.656888 0.126651 0.165816
9 0.144744 0.406633 0.018380 0.050000
9 0.202470 0.311224 0.029868 0.037755
9 0.300976 0.585459 0.029868 0.051531
9 0.323090 0.687245 0.021252 0.061224
9 0.220994 0.570153 0.031878 0.045408
9 0.153073 0.563010 0.029868 0.043367
9 0.129810 0.259439 0.034463 0.031122
9 0.263642 0.206378 0.032740 0.037245
9 0.415135 0.518367 0.022114 0.038776
9 0.377657 0.522194 0.022975 0.034184
9 0.412837 0.645153 0.037048 0.054592
9 0.467835 0.875765 0.020103 0.034184
9 0.394026 0.842092 0.016657 0.030102
9 0.547530 0.877296 0.030155 0.053571
9 0.522114 0.900000 0.024698 0.032653