9 0.708571 0.250538 0.057143 0.126882
9 0.766429 0.651613 0.058571 0.184946
9 0.080000 0.288172 0.082857 0.107527
9 0.945714 0.730108 0.097143 0.126882
9 0.045714 0.258065 0.091429 0.184946
9 0.700000 0.168817 0.097143 0.096774
9 0.885714 0.581720 0.100000 0.144086
9 0.280714 0.286022 0.047143 0.090323
9 0.558571 0.720430 0.137143 0.107527
9 0.398571 0.533333 0.085714 0.073118
9 0.447857 0.332258 0.101429 0.135484
9 0.716429 0.840860 0.161429 0.107527
9 0.912857 0.484946 0.080000 0.109677
9 0.641429 0.818280 0.140000 0.182796
9 0.542857 0.336559 0.120000 0.118280
9 0.443571 0.155914 0.090000 0.096774
9 0.202857 0.211828 0.125714 0.144086
9 0.905000 0.394624 0.132857 0.083871
9 0.750000 0.027957 0.077143 0.055914
9 0.696429 0.670968 0.104286 0.163441
9 0.972143 0.108602 0.050000 0.083871
9 0.478571 0.474194 0.117143 0.101075
9 0.900000 0.132258 0.125714 0.079570
9 0.248571 0.620430 0.105714 0.230108
9 0.836429 0.707527 0.044286 0.077419
9 0.680714 0.450538 0.067143 0.238710
9 0.489286 0.759140 0.084286 0.227957
9 0.155000 0.345161 0.055714 0.152688
9 0.438571 0.681720 0.051429 0.163441
9 0.930000 0.238710 0.077143 0.107527
9 0.801429 0.531183 0.094286 0.081720
9 0.829286 0.049462 0.130000 0.098925
9 0.353571 0.669892 0.164286 0.113978
9 0.313571 0.417204 0.144286 0.133333
9 0.554286 0.566667 0.048571 0.079570
9 0.345000 0.831183 0.135714 0.234409
9 0.360000 0.260215 0.074286 0.068817
9 0.610000 0.211828 0.082857 0.092473
9 0.782857 0.388172 0.094286 0.062366
9 0.434286 0.429032 0.148571 0.092473
9 0.107143 0.200000 0.034286 0.060215
9 0.290714 0.240860 0.061429 0.055914
9 0.222857 0.346237 0.025714 0.111828
9 0.339286 0.329032 0.032857 0.086022
9 0.476429 0.235484 0.087143 0.105376