4 0.671875 0.413542 0.187500 0.156250
4 0.414844 0.140625 0.323437 0.193750
4 0.442969 0.360417 0.314063 0.220833
4 0.319531 0.766667 0.220312 0.104167
4 0.871875 0.632292 0.140625 0.081250
4 0.605469 0.180208 0.195312 0.122917
4 0.149219 0.241667 0.160938 0.137500
4 0.066406 0.258333 0.126562 0.150000
4 0.696875 0.515625 0.140625 0.110417
4 0.744531 0.694792 0.160938 0.081250
1 0.919531 0.491667 0.157812 0.154167
1 0.765625 0.802083 0.181250 0.120833
1 0.162500 0.108333 0.128125 0.120833
1 0.532813 0.650000 0.143750 0.137500
4 0.888281 0.039583 0.135937 0.079167
4 0.708594 0.084375 0.167187 0.164583
4 0.669531 0.895833 0.151562 0.120833
1 0.839063 0.937500 0.281250 0.125000
4 0.914844 0.350000 0.167187 0.116667
4 0.963281 0.250000 0.073438 0.066667
4 0.912500 0.136458 0.109375 0.097917
1 0.694531 0.272917 0.129688 0.108333
4 0.611719 0.596875 0.179688 0.131250
4 0.757812 0.623958 0.056250 0.072917
4 0.460156 0.542708 0.132812 0.093750
4 0.439844 0.605208 0.060937 0.060417
4 0.429688 0.673958 0.068750 0.060417
4 0.189062 0.607292 0.134375 0.135417
4 0.135937 0.507292 0.106250 0.097917
4 0.095312 0.667708 0.081250 0.135417
4 0.373437 0.493750 0.096875 0.054167
4 0.810937 0.377083 0.103125 0.075000
4 0.825000 0.525000 0.068750 0.050000
4 0.953125 0.771875 0.071875 0.056250
1 0.203906 0.840625 0.157812 0.122917