9 0.662308 0.566092 0.041538 0.044828
9 0.525769 0.520115 0.046923 0.040230
9 0.244615 0.165517 0.046154 0.043678
9 0.143462 0.331034 0.031538 0.078161
9 0.239615 0.042529 0.048462 0.057471
9 0.786923 0.423563 0.049231 0.047126
9 0.275769 0.630460 0.034615 0.049425
9 0.583077 0.229885 0.029231 0.027586
9 0.488077 0.670690 0.040769 0.051724
9 0.064231 0.666667 0.030000 0.050575
9 0.484231 0.295977 0.037692 0.040230
9 0.341154 0.072989 0.028462 0.049425
9 0.694231 0.240805 0.025385 0.033333
9 0.740385 0.516092 0.091538 0.114943
9 0.363077 0.271264 0.060000 0.082759
9 0.252692 0.812644 0.063846 0.039080
9 0.611154 0.266667 0.045385 0.057471
9 0.231154 0.532184 0.037692 0.041379
9 0.803462 0.795977 0.077692 0.168966
9 0.932692 0.137356 0.053077 0.047126
9 0.768846 0.662644 0.040769 0.109195
9 0.810385 0.021264 0.036154 0.042529
9 0.854231 0.358621 0.045385 0.041379
9 0.033462 0.626437 0.048462 0.103448
9 0.149231 0.645977 0.024615 0.064368
9 0.965769 0.072414 0.031538 0.032184
9 0.946154 0.384483 0.106154 0.189655
9 0.789231 0.269540 0.044615 0.037931
9 0.682308 0.350575 0.064615 0.066667
9 0.624615 0.170690 0.026154 0.026437
9 0.491538 0.160345 0.075385 0.056322
9 0.912308 0.225287 0.089231 0.057471
9 0.696923 0.727586 0.115385 0.091954
9 0.299231 0.696552 0.041538 0.039080
9 0.118462 0.740230 0.055385 0.071264
9 0.163462 0.030460 0.062308 0.060920
9 0.542308 0.286782 0.033846 0.047126
9 0.557692 0.425287 0.066154 0.052874
9 0.570000 0.729885 0.058462 0.045977
9 0.603846 0.328736 0.060000 0.055172
9 0.942692 0.750000 0.113077 0.081609
9 0.301923 0.100575 0.043846 0.116092
9 0.466538 0.066667 0.028462 0.032184
9 0.363846 0.444253 0.060000 0.067816
9 0.588077 0.099425 0.106923 0.090805
9 0.600000 0.645402 0.055385 0.051724
9 0.828077 0.051724 0.033077 0.041379
9 0.601923 0.194253 0.028462 0.027586
9 0.708077 0.036207 0.043846 0.040230
9 0.650385 0.855747 0.111538 0.077011
9 0.854615 0.108621 0.076923 0.063218
9 0.233462 0.286782 0.059231 0.072414
9 0.718462 0.143103 0.056923 0.070115
9 0.551538 0.201724 0.032308 0.037931
9 0.806538 0.210920 0.036154 0.037931
9 0.388846 0.786782 0.045385 0.040230
9 0.223846 0.209195 0.058462 0.062069
9 0.072308 0.739655 0.035385 0.070115
9 0.769231 0.052299 0.021538 0.026437
9 0.914615 0.888506 0.046154 0.089655