9 0.798438 0.973034 0.034375 0.042697
9 0.567813 0.379213 0.031875 0.043820
9 0.624062 0.383146 0.033125 0.049438
1 0.504062 0.515730 0.125625 0.303371
4 0.218438 0.392135 0.041875 0.051685
4 0.929688 0.934831 0.090625 0.096629
4 0.451562 0.297191 0.049375 0.075281
4 0.606563 0.609551 0.065625 0.066292
9 0.701250 0.612921 0.043750 0.039326
9 0.370000 0.278652 0.038750 0.047191
9 0.868125 0.891011 0.051250 0.080899
4 0.809688 0.591011 0.074375 0.069663
9 0.762188 0.535393 0.031875 0.046067
9 0.609062 0.454494 0.029375 0.046067
4 0.181250 0.391011 0.027500 0.053933
1 0.448750 0.459551 0.081250 0.143820
9 0.308125 0.346067 0.036250 0.058427
9 0.667500 0.503371 0.040000 0.062921
4 0.741875 0.712921 0.041250 0.070787
4 0.606250 0.608989 0.066250 0.065169
9 0.080312 0.285393 0.066875 0.071910
4 0.927813 0.766292 0.074375 0.114607
9 0.793438 0.672472 0.034375 0.043820