9 0.442065 0.073333 0.113350 0.036667
9 0.430730 0.558333 0.065491 0.036667
9 0.374055 0.668333 0.073048 0.050000
9 0.534005 0.975833 0.105793 0.045000
9 0.549118 0.562500 0.105793 0.045000
9 0.318640 0.778333 0.098237 0.046667
9 0.176322 0.791667 0.060453 0.026667
9 0.391688 0.096667 0.133501 0.056667
9 0.745592 0.391667 0.120907 0.036667
9 0.261965 0.901667 0.095718 0.060000
9 0.127204 0.880833 0.068010 0.038333
9 0.120907 0.165000 0.095718 0.043333
9 0.465995 0.890833 0.060453 0.035000
9 0.386650 0.299167 0.173804 0.055000
9 0.578086 0.341667 0.123426 0.040000
9 0.882872 0.476667 0.138539 0.060000
9 0.098237 0.822500 0.065491 0.038333
9 0.342569 0.180000 0.070529 0.050000
9 0.235516 0.850833 0.073048 0.038333
9 0.813602 0.115000 0.146096 0.050000
9 0.062972 0.226667 0.110831 0.036667
9 0.667506 0.029167 0.110831 0.035000
9 0.942065 0.415833 0.110831 0.038333
9 0.556675 0.243333 0.136020 0.050000
9 0.447103 0.755833 0.083123 0.028333
9 0.551637 0.480833 0.110831 0.041667
9 0.546599 0.026667 0.065491 0.036667
9 0.818640 0.020000 0.206549 0.040000
9 0.139798 0.261667 0.123426 0.043333
9 0.423174 0.032500 0.115869 0.035000