9 0.904286 0.313305 0.025714 0.034335
9 0.220000 0.771459 0.020000 0.053648
9 0.852143 0.547210 0.081429 0.055794
9 0.483571 0.540773 0.035714 0.051502
9 0.932143 0.466738 0.055714 0.049356
9 0.517857 0.785408 0.075714 0.060086
9 0.835000 0.695279 0.050000 0.042918
9 0.910000 0.692060 0.071429 0.049356
9 0.562143 0.449571 0.058571 0.045064
9 0.757857 0.363734 0.044286 0.032189
9 0.397857 0.934549 0.041429 0.032189
9 0.386429 0.577253 0.047143 0.047210
9 0.787143 0.486052 0.074286 0.053648
9 0.937857 0.636266 0.052857 0.053648
9 0.718571 0.330472 0.031429 0.025751
9 0.634286 0.341202 0.042857 0.030043
9 0.470000 0.605150 0.051429 0.051502
9 0.559286 0.345494 0.038571 0.025751
9 0.882143 0.374464 0.070000 0.057940
9 0.354286 0.650215 0.051429 0.042918
9 0.457143 0.232833 0.028571 0.027897
9 0.513571 0.690987 0.052857 0.051502
9 0.315000 0.631974 0.032857 0.032189
9 0.422857 0.797210 0.068571 0.057940
9 0.559286 0.254292 0.032857 0.027897
9 0.581429 0.564378 0.068571 0.047210
9 0.370714 0.380901 0.038571 0.027897
9 0.852857 0.486052 0.040000 0.036481
9 0.450000 0.384120 0.028571 0.025751
9 0.465000 0.431330 0.052857 0.042918
9 0.217857 0.869099 0.038571 0.064378
9 0.462857 0.731760 0.042857 0.047210
9 0.665714 0.369099 0.042857 0.030043
9 0.933571 0.583691 0.052857 0.051502
9 0.676429 0.417382 0.050000 0.036481
9 0.491429 0.391631 0.040000 0.049356
9 0.550000 0.697425 0.065714 0.068670
9 0.385714 0.755365 0.074286 0.038627
9 0.729286 0.275751 0.041429 0.027897
9 0.616429 0.594421 0.078571 0.064378
9 0.354286 0.463519 0.037143 0.060086
9 0.958571 0.370172 0.040000 0.057940
9 0.289286 0.806867 0.038571 0.051502
9 0.205714 0.641631 0.020000 0.042918
9 0.980714 0.613734 0.035714 0.051502
9 0.661429 0.520386 0.082857 0.066524
9 0.654286 0.460300 0.071429 0.049356
9 0.469286 0.162017 0.027143 0.032189
9 0.755000 0.408798 0.044286 0.036481
9 0.919286 0.528970 0.047143 0.049356
9 0.452143 0.481760 0.052857 0.070815
9 0.500714 0.638412 0.047143 0.036481
9 0.311429 0.857296 0.040000 0.057940
9 0.622143 0.296137 0.038571 0.030043
9 0.557857 0.416309 0.058571 0.038627
9 0.838571 0.356223 0.048571 0.042918
9 0.525000 0.160944 0.032857 0.030043
9 0.818571 0.638412 0.048571 0.053648