4 0.310714 0.230000 0.061429 0.073333
4 0.842857 0.097143 0.134286 0.072381
4 0.092143 0.274762 0.087143 0.075238
4 0.371429 0.620476 0.057143 0.031429
4 0.255000 0.724286 0.144286 0.115238
4 0.378571 0.115238 0.077143 0.060952
4 0.147857 0.022857 0.164286 0.045714
4 0.477857 0.044286 0.127143 0.065714
9 0.585000 0.442857 0.778571 0.354286
4 0.952143 0.507143 0.084286 0.033333
4 0.243571 0.339048 0.130000 0.072381
4 0.285714 0.080476 0.174286 0.060000
4 0.730714 0.736190 0.104286 0.045714
4 0.101429 0.174286 0.165714 0.053333