9 0.390000 0.508333 0.160000 0.136667
9 0.647500 0.776667 0.150000 0.106667
4 0.398750 0.153333 0.172500 0.126667
4 0.276250 0.291667 0.167500 0.150000
9 0.240000 0.375000 0.140000 0.090000
9 0.388750 0.508333 0.157500 0.136667
9 0.478750 0.793333 0.117500 0.186667
4 0.217500 0.165000 0.150000 0.130000
4 0.607500 0.201667 0.135000 0.083333
9 0.638750 0.701667 0.097500 0.070000
9 0.627500 0.615000 0.185000 0.150000
9 0.456250 0.713333 0.162500 0.180000
4 0.508750 0.066667 0.232500 0.133333
9 0.866250 0.848333 0.132500 0.103333
9 0.715000 0.253333 0.085000 0.080000
9 0.702500 0.466667 0.230000 0.180000
6 0.786250 0.651667 0.127500 0.096667
4 0.267500 0.036667 0.185000 0.073333
9 0.848750 0.623333 0.202500 0.126667
4 0.197500 0.795000 0.195000 0.163333