9 0.637000 0.382302 0.042000 0.032258
9 0.587333 0.374455 0.034667 0.030514
9 0.564667 0.614211 0.042667 0.034002
9 0.337667 0.496513 0.059333 0.037489
9 0.352667 0.098954 0.028000 0.030514
9 0.272667 0.504795 0.052000 0.033130
9 0.543333 0.353095 0.034667 0.040105
9 0.247667 0.210549 0.030000 0.030514
9 0.532333 0.445946 0.043333 0.030514
9 0.410667 0.405405 0.050667 0.034874
9 0.603667 0.479948 0.051333 0.042720
9 0.359667 0.394071 0.035333 0.026155
9 0.221667 0.178727 0.018000 0.033130
9 0.194333 0.241500 0.027333 0.022668
9 0.512667 0.261116 0.026667 0.020052
9 0.397667 0.533566 0.048667 0.031386
9 0.483333 0.509154 0.037333 0.036617
9 0.436667 0.523976 0.042667 0.027899
9 0.478667 0.556670 0.040000 0.027027
9 0.626667 0.360070 0.041333 0.026155
9 0.557667 0.469922 0.038000 0.027899
9 0.507333 0.184830 0.030667 0.027899
9 0.659333 0.503923 0.042667 0.024412
9 0.371333 0.450741 0.049333 0.031386
9 0.461000 0.395379 0.035333 0.025283
9 0.546667 0.519180 0.048000 0.030514
9 0.361667 0.302964 0.026000 0.021796
9 0.335667 0.443766 0.046000 0.031386
9 0.403333 0.373583 0.030667 0.023540
9 0.573000 0.413252 0.047333 0.034874
9 0.285333 0.449869 0.048000 0.038361
9 0.425333 0.309503 0.030667 0.024412
9 0.313667 0.342633 0.031333 0.026155
9 0.498333 0.404969 0.027333 0.047951
9 0.511000 0.542284 0.044667 0.027899
9 0.579333 0.552746 0.028000 0.022668
9 0.368000 0.224935 0.025333 0.033130
9 0.278333 0.109416 0.024667 0.023540
9 0.496333 0.483871 0.051333 0.029643
9 0.378000 0.422406 0.034667 0.028771
9 0.242667 0.282040 0.038667 0.040976
9 0.425000 0.244987 0.020667 0.022668
9 0.411667 0.575414 0.050000 0.034874
9 0.200333 0.265475 0.031333 0.030514
9 0.476667 0.454664 0.042667 0.028771
9 0.324000 0.239320 0.041333 0.028771
9 0.428333 0.465126 0.046000 0.028771
9 0.304667 0.537925 0.044000 0.031386
9 0.295333 0.186138 0.045333 0.030514
9 0.257667 0.170009 0.031333 0.041848
9 0.637333 0.452485 0.033333 0.024412
9 0.305333 0.387969 0.045333 0.033130
9 0.611667 0.444638 0.031333 0.031386
4 0.135667 0.513078 0.054000 0.054926
9 0.189000 0.561029 0.035333 0.035745
9 0.151000 0.475588 0.030000 0.018309
4 0.227333 0.562772 0.036000 0.028771
4 0.131667 0.418919 0.018000 0.014821
4 0.140333 0.556670 0.018000 0.020052
9 0.375333 0.326504 0.029333 0.023540
9 0.367333 0.351787 0.010667 0.014821
9 0.475667 0.308631 0.018000 0.013949
9 0.502333 0.344377 0.027333 0.022668
9 0.583000 0.256757 0.014000 0.011334
9 0.560000 0.319093 0.009333 0.019180
9 0.582000 0.320401 0.016000 0.016565
9 0.394000 0.305144 0.020000 0.026155
9 0.377333 0.146469 0.013333 0.013949
9 0.414667 0.204882 0.012000 0.015693
9 0.501667 0.214908 0.018000 0.009590
9 0.499667 0.286399 0.019333 0.011334
9 0.495000 0.310375 0.022000 0.017437
9 0.490000 0.326940 0.030667 0.015693
4 0.462333 0.206190 0.018000 0.014821
4 0.357000 0.154316 0.007333 0.019180
4 0.407000 0.146905 0.019333 0.014821
4 0.470000 0.190933 0.010667 0.012206
9 0.559000 0.583697 0.028667 0.023540
9 0.585333 0.512642 0.028000 0.020924
9 0.616667 0.530078 0.021333 0.013949
4 0.666000 0.463819 0.010667 0.020924
4 0.682667 0.472973 0.014667 0.018309
9 0.646333 0.309067 0.018000 0.018309
9 0.612000 0.207934 0.022667 0.013078
9 0.490667 0.105929 0.025333 0.020052
9 0.523667 0.100262 0.022000 0.010462
9 0.441667 0.148213 0.015333 0.027899
9 0.383000 0.180907 0.012667 0.016565
9 0.398333 0.095466 0.015333 0.020052
9 0.446000 0.075414 0.028000 0.016565
9 0.204667 0.215780 0.020000 0.023540
9 0.339667 0.409329 0.024667 0.025283
4 0.673333 0.569311 0.018667 0.008718
4 0.664000 0.554054 0.014667 0.009590
4 0.199000 0.534002 0.032667 0.020052