9 0.085714 0.676819 0.064762 0.152284
4 0.138095 0.067682 0.026667 0.023689
9 0.784286 0.643824 0.082857 0.072758
9 0.389048 0.049069 0.035238 0.037225
9 0.396667 0.935702 0.046667 0.047377
9 0.372857 0.696277 0.080952 0.059222
5 0.792857 0.565990 0.202857 0.191201
9 0.424286 0.095601 0.063810 0.045685
9 0.555238 0.732657 0.040000 0.037225
9 0.520000 0.392555 0.045714 0.033841
9 0.171905 0.041455 0.044762 0.032149
9 0.590952 0.344332 0.065714 0.062606
9 0.620000 0.427242 0.059048 0.072758
9 0.472381 0.483080 0.066667 0.049069
9 0.380952 0.551607 0.051429 0.043993
9 0.389048 0.247885 0.054286 0.042301
9 0.564286 0.109983 0.052381 0.043993
9 0.849524 0.366328 0.047619 0.072758
9 0.746190 0.358714 0.039048 0.067682