4 0.332407 0.763889 0.053704 0.050000
4 0.478704 0.501389 0.083333 0.063889
4 0.837963 0.391667 0.064815 0.061111
4 0.124074 0.820833 0.081481 0.075000
4 0.735185 0.294444 0.044444 0.038889
4 0.050926 0.884722 0.075926 0.058333
4 0.749074 0.472222 0.042593 0.033333
4 0.643519 0.770833 0.050000 0.058333
4 0.776852 0.563889 0.072222 0.072222
4 0.680556 0.447222 0.057407 0.050000
4 0.575926 0.459722 0.066667 0.069444
4 0.620370 0.852778 0.066667 0.066667
4 0.475000 0.372222 0.064815 0.050000
4 0.488889 0.280556 0.059259 0.050000
4 0.564815 0.283333 0.055556 0.038889
4 0.700926 0.200000 0.038889 0.038889
4 0.512037 0.800000 0.098148 0.061111
4 0.262963 0.415278 0.033333 0.047222
4 0.520370 0.704167 0.048148 0.080556
4 0.635185 0.344444 0.066667 0.050000
4 0.884259 0.423611 0.042593 0.036111
4 0.347222 0.515278 0.035185 0.052778
4 0.616667 0.252778 0.044444 0.033333
4 0.516667 0.622222 0.074074 0.072222
4 0.576852 0.188889 0.035185 0.033333
4 0.675000 0.862500 0.035185 0.102778
4 0.670370 0.575000 0.085185 0.061111
4 0.612963 0.643056 0.033333 0.086111
4 0.476852 0.337500 0.046296 0.036111
4 0.561111 0.351389 0.051852 0.058333