9 0.435768 0.635000 0.191436 0.086667
9 0.930730 0.175000 0.133501 0.060000
9 0.565491 0.269167 0.214106 0.071667
9 0.793451 0.757500 0.136020 0.088333
9 0.337531 0.742500 0.136020 0.111667
9 0.110831 0.518333 0.186398 0.060000
9 0.871537 0.481667 0.171285 0.060000
9 0.273300 0.583333 0.158690 0.090000
9 0.707809 0.580833 0.130982 0.065000
9 0.210327 0.709167 0.204030 0.105000
9 0.719144 0.085833 0.173804 0.088333
9 0.625945 0.726667 0.188917 0.230000
9 0.949622 0.513333 0.095718 0.060000
9 0.915617 0.230000 0.168766 0.080000
9 0.532746 0.373333 0.204030 0.066667
9 0.336272 0.162500 0.224181 0.111667
9 0.562972 0.095000 0.178841 0.076667
9 0.395466 0.296667 0.115869 0.053333
9 0.245592 0.297500 0.168766 0.128333
9 0.074307 0.336667 0.113350 0.066667
9 0.720403 0.444167 0.130982 0.081667
9 0.554156 0.565833 0.146096 0.048333
9 0.909320 0.936667 0.166247 0.056667
9 0.282116 0.880833 0.090680 0.088333
9 0.438287 0.847500 0.166247 0.075000
9 0.843829 0.825000 0.090680 0.033333
9 0.345088 0.385833 0.156171 0.108333
9 0.761965 0.200833 0.148615 0.105000
9 0.557935 0.897500 0.083123 0.038333
9 0.817380 0.616667 0.118388 0.043333
9 0.819899 0.574167 0.083123 0.041667
9 0.186398 0.420833 0.156171 0.098333
9 0.104534 0.889167 0.093199 0.091667
9 0.955919 0.046667 0.088161 0.066667
9 0.181360 0.240833 0.130982 0.051667
9 0.414358 0.500833 0.093199 0.078333
9 0.037783 0.580833 0.075567 0.041667
9 0.095718 0.662500 0.065491 0.048333
9 0.282116 0.966667 0.070529 0.063333
9 0.493703 0.865833 0.115869 0.091667
9 0.536524 0.945000 0.146096 0.056667
9 0.494962 0.982500 0.219144 0.035000
9 0.372796 0.790833 0.136020 0.071667
9 0.108312 0.760000 0.136020 0.046667
9 0.136020 0.766667 0.045340 0.080000
9 0.073048 0.783333 0.130982 0.053333
9 0.130982 0.596667 0.055416 0.056667
9 0.274559 0.520833 0.105793 0.048333
9 0.516373 0.416667 0.110831 0.033333
9 0.664987 0.359167 0.085642 0.055000
9 0.754408 0.031667 0.128463 0.063333
9 0.809824 0.109167 0.118388 0.055000
9 0.193955 0.927500 0.100756 0.055000
9 0.161209 0.889167 0.120907 0.041667
9 0.207809 0.976667 0.068010 0.030000
9 0.596977 0.435000 0.085642 0.096667
9 0.046599 0.307500 0.093199 0.081667
9 0.187657 0.650833 0.133501 0.048333
9 0.243073 0.796667 0.093199 0.043333
9 0.882872 0.600000 0.088161 0.046667
9 0.045340 0.919167 0.085642 0.038333