9 0.264167 0.326250 0.088333 0.057500
9 0.709167 0.457500 0.048333 0.055000
9 0.572500 0.216250 0.061667 0.052500
9 0.187500 0.327500 0.075000 0.060000
9 0.093333 0.645000 0.090000 0.070000
9 0.408333 0.360000 0.043333 0.090000
9 0.449167 0.140000 0.055000 0.070000
9 0.618333 0.101250 0.043333 0.072500
9 0.496667 0.441250 0.050000 0.092500
9 0.398333 0.220000 0.056667 0.055000
9 0.697500 0.812500 0.081667 0.160000
9 0.202500 0.222500 0.051667 0.080000
9 0.504167 0.136250 0.028333 0.077500
9 0.899167 0.753750 0.045000 0.102500
9 0.368333 0.487500 0.056667 0.045000
9 0.933333 0.653750 0.043333 0.067500
9 0.605833 0.406250 0.038333 0.087500
9 0.179167 0.782500 0.078333 0.075000
9 0.065000 0.832500 0.073333 0.085000
8 0.106667 0.102500 0.160000 0.110000
9 0.573333 0.467500 0.043333 0.080000
9 0.624167 0.800000 0.061667 0.170000
9 0.264167 0.467500 0.058333 0.065000
9 0.068333 0.537500 0.100000 0.080000
9 0.536667 0.887500 0.046667 0.095000
9 0.830000 0.100000 0.053333 0.085000
9 0.155000 0.426250 0.093333 0.077500
9 0.310000 0.075000 0.053333 0.080000
9 0.783333 0.437500 0.063333 0.090000
9 0.260833 0.103750 0.078333 0.107500
9 0.295833 0.526250 0.081667 0.062500
9 0.853333 0.423750 0.063333 0.092500
9 0.358333 0.301250 0.040000 0.087500