4 0.532292 0.472222 0.015625 0.024074
4 0.558333 0.513889 0.019792 0.033333
4 0.466146 0.428241 0.011458 0.021296
4 0.475260 0.470370 0.006771 0.014815
4 0.470573 0.484722 0.007812 0.019444
4 0.460156 0.491204 0.005729 0.015741
4 0.464323 0.512963 0.005729 0.011111
4 0.440365 0.494444 0.006771 0.007407
4 0.428385 0.473148 0.009896 0.014815
4 0.367448 0.521296 0.006771 0.009259
4 0.374740 0.512500 0.006771 0.012037
4 0.400000 0.514352 0.006250 0.008333
4 0.409375 0.495833 0.007292 0.010185
4 0.416146 0.497685 0.005208 0.010185
4 0.416927 0.517130 0.006771 0.012037
4 0.426563 0.515278 0.006250 0.008333
4 0.540104 0.503241 0.012500 0.013889
4 0.610156 0.498611 0.007812 0.015741
4 0.614844 0.516667 0.006771 0.024074
4 0.556510 0.489815 0.005729 0.009259
4 0.593229 0.646759 0.017708 0.026852
4 0.655729 0.563889 0.008333 0.014815