4 0.385677 0.481481 0.017188 0.024074
4 0.705208 0.528704 0.019792 0.029630
4 0.150521 0.716667 0.031250 0.061111
4 0.478385 0.482407 0.029687 0.031481
4 0.440365 0.484259 0.020313 0.024074
4 0.468490 0.538889 0.011979 0.012963
4 0.490885 0.524537 0.004687 0.008333
4 0.434896 0.537037 0.011458 0.020370
4 0.498177 0.600926 0.013021 0.016667
4 0.388542 0.561111 0.006250 0.025926
4 0.417969 0.545833 0.010937 0.025000
4 0.462760 0.506019 0.006771 0.008333
4 0.553385 0.540278 0.014063 0.015741
4 0.606510 0.554167 0.010937 0.026852
4 0.655990 0.552315 0.020313 0.026852
4 0.660677 0.523148 0.014063 0.020370
4 0.676562 0.518519 0.012500 0.016667
4 0.739323 0.504167 0.022396 0.025000