10 0.135156 0.843519 0.047396 0.079630
10 0.140365 0.958333 0.063021 0.081481
10 0.198437 0.933333 0.055208 0.088889
10 0.065365 0.951389 0.085938 0.095370
10 0.210938 0.861574 0.052083 0.067593
10 0.081771 0.891667 0.071875 0.070370
10 0.071615 0.843056 0.092188 0.095370
10 0.066927 0.731481 0.067187 0.101852
10 0.105208 0.668056 0.052083 0.087963
10 0.136719 0.773611 0.048438 0.117593
10 0.189844 0.737963 0.035937 0.074074
10 0.236458 0.810185 0.050000 0.079630
10 0.298958 0.745833 0.052083 0.104630
4 0.158073 0.578704 0.030729 0.050000
4 0.592448 0.473611 0.031771 0.036111