10 0.781771 0.807407 0.040625 0.072222
4 0.952865 0.430556 0.027604 0.024074
10 0.866927 0.798148 0.056771 0.098148
10 0.809115 0.748148 0.048438 0.079630
10 0.818490 0.817130 0.038021 0.069444
10 0.766406 0.855093 0.051562 0.080556
10 0.882031 0.867593 0.065104 0.094444
10 0.729167 0.804167 0.047917 0.076852
10 0.822135 0.880556 0.067187 0.083333
10 0.757552 0.695370 0.054688 0.081481
10 0.706771 0.629167 0.020833 0.037963
10 0.855469 0.693056 0.025521 0.054630
10 0.863021 0.731481 0.025000 0.051852
4 0.643229 0.688889 0.025000 0.020370
4 0.651042 0.563889 0.010417 0.020370