4 0.160417 0.342130 0.026042 0.026852
4 0.508333 0.253241 0.023958 0.037963
4 0.538281 0.574074 0.061979 0.068519
4 0.205990 0.407407 0.016146 0.027778
4 0.470313 0.549074 0.020833 0.031481
4 0.619271 0.208333 0.034375 0.061111
4 0.434896 0.562500 0.021875 0.041667
4 0.300000 0.529630 0.022917 0.018519
4 0.225000 0.459259 0.011458 0.016667
4 0.227865 0.394907 0.008854 0.013889
4 0.237500 0.335648 0.013542 0.015741
4 0.263281 0.358796 0.007812 0.017593
4 0.290625 0.381944 0.009375 0.019444
4 0.279427 0.394444 0.006771 0.011111
4 0.285677 0.388426 0.006771 0.010185
4 0.285677 0.357407 0.007812 0.014815
4 0.241406 0.281481 0.020313 0.018519
4 0.310156 0.216204 0.018229 0.012037
4 0.340885 0.233796 0.007812 0.032407
4 0.281250 0.274074 0.010417 0.014815