0 0.11484375 0.05078125 0.0984375 0.1015625
0 0.05 0.146875 0.0640625 0.12109375
0 0.0890625 0.1625 0.071875 0.07890625
0 0.14140625 0.5375 0.0890625 0.10234375
0 0.20234375 0.6484375 0.09609375 0.1
0 0.21015625 0.57578125 0.03984375 0.0859375
0 0.0234375 0.58984375 0.046875 0.1109375
0 0.640625 0.40234375 0.0984375 0.10625
0 0.81328125 0.5703125 0.1203125 0.103125
0 0.6828125 0.74609375 0.0421875 0.11171875
0 0.57265625 0.8640625 0.0765625 0.10703125
0 0.40078125 0.92109375 0.0765625 0.12109375
0 0.63828125 0.96171875 0.1015625 0.0765625
0 0.73359375 0.87265625 0.0515625 0.0875
0 0.85703125 0.9078125 0.06640625 0.10703125