0 0.5234375 0.33828125 0.11953125 0.15078125
0 0.2546875 0.68984375 0.09453125 0.1375
0 0.19375 0.77734375 0.08046875 0.125
0 0.1671875 0.9453125 0.10546875 0.10859375
0 0.203125 0.87421875 0.05234375 0.07890625
0 0.25546875 0.92109375 0.06484375 0.08125
0 0.61015625 0.6609375 0.084375 0.1234375
0 0.61875 0.5765625 0.075 0.09296875
0 0.84140625 0.57734375 0.09375 0.1359375
0 0.5265625 0.81328125 0.0703125 0.13671875
0 0.66328125 0.8328125 0.08828125 0.1375
0 0.7640625 0.946875 0.0703125 0.10546875
0 0.896875 0.96796875 0.09453125 0.06328125