0 0.56484375 0.36171875 0.11015625 0.1265625
0 0.84140625 0.465625 0.0453125 0.13125
0 0.6328125 0.5671875 0.0515625 0.12421875
0 0.57890625 0.596875 0.08046875 0.1375
0 0.49453125 0.746875 0.10859375 0.11328125
0 0.6828125 0.7734375 0.1203125 0.1203125
0 0.2578125 0.71953125 0.09921875 0.0796875
0 0.215625 0.7171875 0.096875 0.13359375
0 0.2046875 0.8625 0.0515625 0.08828125
0 0.1453125 0.8921875 0.10390625 0.11796875
0 0.25234375 0.909375 0.071875 0.08515625
0 0.759375 0.93984375 0.0859375 0.10703125
0 0.91171875 0.94296875 0.1015625 0.1140625