0 0.16484375 0.04140625 0.04765625 0.08203125
0 0.05390625 0.28125 0.0453125 0.1
0 0.190625 0.496875 0.05 0.09296875
0 0.2421875 0.73671875 0.0703125 0.10234375
0 0.20859375 0.790625 0.06875 0.1125
0 0.1578125 0.8546875 0.05 0.10234375
0 0.24921875 0.90625 0.0890625 0.0890625
0 0.03046875 0.90234375 0.06015625 0.1234375
0 0.4359375 0.85 0.04609375 0.1125
0 0.56875 0.31796875 0.0484375 0.10625
0 0.6765625 0.48671875 0.10234375 0.09375
0 0.88984375 0.69296875 0.053125 0.08125
0 0.75390625 0.82734375 0.06875 0.11796875
0 0.671875 0.709375 0.0890625 0.13984375
0 0.68203125 0.80625 0.0359375 0.0765625