0 0.1796875 0.0671875 0.034375 0.134375
0 0.1859375 0.4515625 0.06796875 0.09609375
0 0.2515625 0.7140625 0.075 0.11015625
0 0.16015625 0.8609375 0.053125 0.08515625
0 0.19296875 0.775 0.04921875 0.11484375
0 0.2546875 0.87578125 0.0859375 0.09765625
0 0.5828125 0.3203125 0.06484375 0.14453125
0 0.6578125 0.56171875 0.09453125 0.10234375
0 0.0453125 0.275 0.05546875 0.09921875
0 0.0296875 0.83828125 0.05859375 0.15703125
0 0.44453125 0.8734375 0.06953125 0.134375
0 0.89375 0.6859375 0.04453125 0.11328125
0 0.89609375 0.9703125 0.046875 0.059375
0 0.665625 0.9734375 0.06875 0.053125
0 0.75703125 0.8140625 0.06484375 0.109375
0 0.66796875 0.75 0.0859375 0.14453125
0 0.68828125 0.83984375 0.05 0.0703125