0 0.36484375 0.52890625 0.25546875 0.18671875
0 0.53203125 0.4890625 0.078125 0.1203125
0 0.56328125 0.65390625 0.07890625 0.11875
0 0.55234375 0.790625 0.10390625 0.128125
0 0.67578125 0.74609375 0.03359375 0.10625
0 0.77734375 0.703125 0.1 0.20859375
0 0.80234375 0.54296875 0.178125 0.19140625
0 0.91953125 0.4421875 0.1609375 0.20234375
0 0.38359375 0.7921875 0.05234375 0.08828125
0 0.26875 0.8484375 0.14765625 0.1078125
0 0.2234375 0.6578125 0.18046875 0.13125
0 0.09609375 0.7046875 0.1921875 0.359375
0 0.609375 0.89765625 0.090625 0.2046875
0 0.48828125 0.90390625 0.115625 0.08828125
0 0.52734375 0.9453125 0.10390625 0.10859375
0 0.7203125 0.9203125 0.18984375 0.159375