0 0.5375 0.359375 0.1203125 0.13359375
0 0.6015625 0.6390625 0.08125 0.1828125
0 0.84375 0.5546875 0.10859375 0.12421875
0 0.62421875 0.57578125 0.0578125 0.11015625
0 0.52265625 0.7984375 0.06953125 0.1234375
0 0.67265625 0.81640625 0.090625 0.121875
0 0.76171875 0.95625 0.0890625 0.0875
0 0.91015625 0.96796875 0.08046875 0.06328125
0 0.2578125 0.68984375 0.08671875 0.15546875
0 0.1921875 0.765625 0.08203125 0.134375
0 0.1609375 0.946875 0.10234375 0.10546875
0 0.25546875 0.92890625 0.05078125 0.10234375
0 0.20234375 0.8765625 0.0515625 0.0859375