0 0.6140625 0.3328125 0.11015625 0.15703125
0 0.8203125 0.390625 0.0453125 0.10703125
0 0.6015625 0.53203125 0.05625 0.15234375
0 0.6234375 0.4921875 0.09140625 0.125
0 0.47421875 0.6203125 0.08671875 0.125
0 0.23671875 0.61640625 0.10234375 0.175
0 0.2453125 0.734375 0.11875 0.096875
0 0.14375 0.83046875 0.09375 0.1421875
0 0.25625 0.9359375 0.09609375 0.08125
0 0.2578125 0.875 0.07578125 0.0890625
0 0.203125 0.88828125 0.0328125 0.09296875
0 0.76796875 0.93671875 0.09609375 0.11796875
0 0.94609375 0.9359375 0.1078125 0.128125
0 0.7703125 0.75 0.1125 0.1234375