0 0.5703125 0.34453125 0.1109375 0.1296875
0 0.83828125 0.4515625 0.04765625 0.1234375
0 0.62890625 0.55703125 0.04765625 0.12109375
0 0.5859375 0.57734375 0.06328125 0.13984375
0 0.49921875 0.72890625 0.09140625 0.12734375
0 0.6984375 0.75546875 0.10234375 0.13046875
0 0.259375 0.72265625 0.10234375 0.0875
0 0.21953125 0.6984375 0.09609375 0.15546875
0 0.20234375 0.8609375 0.05 0.11015625
0 0.14140625 0.87578125 0.09609375 0.121875
0 0.24375 0.9734375 0.13046875 0.053125
0 0.253125 0.9171875 0.0734375 0.07890625
0 0.7546875 0.9390625 0.10078125 0.11484375
0 0.91171875 0.94765625 0.10390625 0.10390625