0 0.73359375 0.29921875 0.23984375 0.265625
0 0.521875 0.4484375 0.15078125 0.13125
0 0.68515625 0.57890625 0.140625 0.1421875
0 0.70625 0.490625 0.09453125 0.04921875
0 0.86953125 0.61328125 0.25703125 0.2359375
0 0.6125 0.81484375 0.4796875 0.33359375
0 0.54609375 0.603125 0.10703125 0.09296875
0 0.41328125 0.6359375 0.0796875 0.07421875
0 0.1125 0.42421875 0.225 0.1953125
0 0.290625 0.65859375 0.175 0.1046875
0 0.24453125 0.78046875 0.29609375 0.19609375
0 0.4984375 0.88203125 0.09375 0.128125
0 0.87578125 0.81875 0.2484375 0.265625