0 0.20078125 0.48828125 0.153125 0.18046875
0 0.23671875 0.64140625 0.06484375 0.17734375
0 0.42890625 0.61640625 0.09609375 0.07578125
0 0.53203125 0.44453125 0.2046875 0.1484375
0 0.68359375 0.4875 0.10703125 0.06484375
0 0.675 0.35234375 0.175 0.15859375
0 0.6171875 0.559375 0.1125 0.109375
0 0.825 0.6046875 0.32890625 0.21015625
0 0.3078125 0.84453125 0.303125 0.28515625
0 0.43671875 0.70859375 0.0578125 0.05859375
0 0.38828125 0.89921875 0.0890625 0.17109375
0 0.47421875 0.88671875 0.1453125 0.2203125
0 0.703125 0.8125 0.46171875 0.375
0 0.87421875 0.8328125 0.2515625 0.30078125
0 0.60390625 0.6828125 0.14765625 0.125