0 0.5796875 0.34765625 0.11328125 0.14453125
0 0.82890625 0.4328125 0.04296875 0.1
0 0.5875 0.56953125 0.0625 0.14609375
0 0.63046875 0.55625 0.04140625 0.125
0 0.4921875 0.7234375 0.10390625 0.125
0 0.70546875 0.7484375 0.10859375 0.13359375
0 0.2625 0.72265625 0.121875 0.0890625
0 0.22578125 0.69609375 0.09609375 0.15234375
0 0.1421875 0.87578125 0.09921875 0.1234375
0 0.2375 0.96875 0.11875 0.0625
0 0.24921875 0.909375 0.08203125 0.10078125
0 0.20234375 0.8546875 0.0515625 0.12734375
0 0.7546875 0.93828125 0.07734375 0.109375
0 0.915625 0.94296875 0.1109375 0.1140625