0 0.63828125 0.29921875 0.09921875 0.13125
0 0.81171875 0.3359375 0.03984375 0.09921875
0 0.5859375 0.41015625 0.1015625 0.18828125
0 0.4671875 0.534375 0.04765625 0.16796875
0 0.23203125 0.57109375 0.09296875 0.178125
0 0.23515625 0.7515625 0.11015625 0.1265625
0 0.15546875 0.7953125 0.09375 0.11640625
0 0.27734375 0.8671875 0.103125 0.09453125
0 0.20390625 0.95546875 0.04453125 0.08828125
0 0.80703125 0.93203125 0.09140625 0.11796875
0 0.95390625 0.91796875 0.0859375 0.1484375
0 0.81640625 0.746875 0.10390625 0.1421875