0 0.6859375 0.35703125 0.08671875 0.15078125
0 0.60546875 0.321875 0.09609375 0.1390625
0 0.49765625 0.296875 0.09609375 0.1484375
0 0.7125 0.646875 0.0921875 0.11875
0 0.5953125 0.67578125 0.09296875 0.10546875
0 0.68828125 0.765625 0.09609375 0.121875
0 0.73125 0.93359375 0.075 0.1328125
0 0.96015625 0.903125 0.071875 0.10234375
0 0.9 0.9140625 0.0546875 0.115625
0 0.1453125 0.93203125 0.0765625 0.109375
0 0.090625 0.44375 0.09140625 0.096875
0 0.034375 0.3640625 0.06796875 0.13046875
0 0.0296875 0.06171875 0.05390625 0.0890625
0 0.16953125 0.0484375 0.09296875 0.096875
0 0.10703125 0.0546875 0.08671875 0.109375
0 0.1015625 0.19765625 0.11015625 0.1359375