0 0.55390625 0.3546875 0.115625 0.140625
0 0.8421875 0.5171875 0.0546875 0.1546875
0 0.6390625 0.59140625 0.05859375 0.121875
0 0.5875 0.61640625 0.0796875 0.1640625
0 0.51015625 0.76953125 0.10625 0.13671875
0 0.675 0.7828125 0.1109375 0.14296875
0 0.7546875 0.946875 0.0890625 0.10546875
0 0.90703125 0.9625 0.1171875 0.075
0 0.259375 0.7078125 0.0828125 0.11015625
0 0.2046875 0.7375 0.115625 0.1328125
0 0.20390625 0.865625 0.05234375 0.090625
0 0.1484375 0.915625 0.09609375 0.11015625
0 0.25546875 0.93046875 0.0578125 0.0890625