0 0.109375 0.41875 0.2171875 0.18984375
0 0.5171875 0.45 0.15859375 0.15859375
0 0.73984375 0.28671875 0.246875 0.253125
0 0.68515625 0.57578125 0.159375 0.1421875
0 0.709375 0.48984375 0.10625 0.05390625
0 0.871875 0.5890625 0.25625 0.2015625
0 0.55078125 0.5984375 0.1140625 0.08359375
0 0.4125 0.640625 0.0765625 0.08359375
0 0.190625 0.790625 0.38125 0.225
0 0.31328125 0.6625 0.13203125 0.08203125
0 0.3796875 0.89140625 0.06171875 0.11875
0 0.61015625 0.83515625 0.4625 0.31484375
0 0.48515625 0.9109375 0.06953125 0.121875
0 0.87265625 0.80625 0.24921875 0.28203125
0 0.6125 0.665625 0.0953125 0.1