0 0.60546875 0.3265625 0.125 0.1515625
0 0.821875 0.403125 0.05 0.103125
0 0.60546875 0.5375 0.075 0.15390625
0 0.62109375 0.503125 0.0796875 0.121875
0 0.478125 0.640625 0.08828125 0.13671875
0 0.76015625 0.74453125 0.10703125 0.13359375
0 0.234375 0.62734375 0.12578125 0.13984375
0 0.25390625 0.728125 0.128125 0.10546875
0 0.14453125 0.8515625 0.09296875 0.15390625
0 0.25234375 0.94296875 0.09140625 0.0796875
0 0.27421875 0.88125 0.09140625 0.07265625
0 0.21171875 0.8859375 0.040625 0.09296875
0 0.77421875 0.94296875 0.08359375 0.0875
0 0.94140625 0.93203125 0.0984375 0.1359375