0 0.52890625 0.4515625 0.2046875 0.153125
0 0.66640625 0.3609375 0.16953125 0.1484375
0 0.8234375 0.60390625 0.353125 0.240625
0 0.6921875 0.48515625 0.115625 0.06328125
0 0.6109375 0.565625 0.1234375 0.146875
0 0.71640625 0.82265625 0.44296875 0.35390625
0 0.56171875 0.61640625 0.09140625 0.06953125
0 0.43515625 0.6265625 0.10703125 0.08359375
0 0.60625 0.696875 0.1171875 0.109375
0 0.875 0.84765625 0.25 0.2671875
0 0.3203125 0.84453125 0.2640625 0.30546875
0 0.44140625 0.70859375 0.053125 0.06171875
0 0.2015625 0.49296875 0.12265625 0.16484375
0 0.2359375 0.65078125 0.05234375 0.19296875
0 0.38828125 0.890625 0.08671875 0.19140625
0 0.48671875 0.90703125 0.1328125 0.17734375
0 0.3421875 0.69140625 0.09609375 0.05234375