0 0.5953125 0.34609375 0.13046875 0.128125
0 0.82265625 0.40703125 0.0421875 0.10234375
0 0.590625 0.5578125 0.0546875 0.15546875
0 0.62578125 0.5265625 0.0671875 0.1484375
0 0.48125 0.66953125 0.1015625 0.1390625
0 0.740625 0.75 0.11015625 0.12421875
0 0.76171875 0.9421875 0.07734375 0.1
0 0.9328125 0.93984375 0.10703125 0.1203125
0 0.225 0.6453125 0.10390625 0.1296875
0 0.2515625 0.728125 0.11875 0.09296875
0 0.140625 0.8375 0.08671875 0.134375
0 0.24453125 0.9640625 0.10390625 0.0671875
0 0.259375 0.88984375 0.09765625 0.075
0 0.20625 0.87421875 0.0328125 0.103125