0 0.56328125 0.3515625 0.12734375 0.134375
0 0.8421875 0.465625 0.03984375 0.13984375
0 0.63671875 0.57265625 0.0515625 0.0890625
0 0.590625 0.5921875 0.07578125 0.10234375
0 0.51015625 0.74140625 0.10859375 0.1453125
0 0.69375 0.7734375 0.10390625 0.12421875
0 0.26484375 0.72265625 0.1015625 0.09296875
0 0.21875 0.7171875 0.08828125 0.1546875
0 0.203125 0.8640625 0.05546875 0.10390625
0 0.140625 0.89296875 0.10390625 0.12421875
0 0.2625 0.92734375 0.084375 0.09765625
0 0.7515625 0.92890625 0.08828125 0.12734375
0 0.9109375 0.95859375 0.09921875 0.0828125