0 0.51171875 0.32890625 0.1359375 0.12734375
0 0.61484375 0.57421875 0.1140625 0.1296875
0 0.83984375 0.65234375 0.125 0.1390625
0 0.63359375 0.728125 0.128125 0.134375
0 0.5375 0.88359375 0.05 0.14609375
0 0.65078125 0.90703125 0.09921875 0.1390625
0 0.78125 0.9546875 0.06796875 0.090625
0 0.8671875 0.97421875 0.07265625 0.05078125
0 0.2390625 0.67734375 0.08359375 0.15546875
0 0.17109375 0.846875 0.06484375 0.1203125
0 0.23359375 0.9125 0.10625 0.090625
0 0.196875 0.9640625 0.12109375 0.071875