0 0.59609375 0.4546875 0.09140625 0.18515625
0 0.63046875 0.31796875 0.09609375 0.12734375
0 0.81328125 0.36328125 0.0453125 0.125
0 0.4671875 0.56640625 0.0625 0.15234375
0 0.23203125 0.58828125 0.1015625 0.1703125
0 0.23515625 0.75 0.11328125 0.10625
0 0.14921875 0.81875 0.0953125 0.1484375
0 0.278125 0.88828125 0.1046875 0.0890625
0 0.2125 0.9515625 0.065625 0.0703125
0 0.79921875 0.93359375 0.1015625 0.1296875
0 0.9546875 0.93203125 0.090625 0.1359375
0 0.8046875 0.75625 0.10390625 0.12421875