0 0.6578125 0.43125 0.11015625 0.109375
0 0.79765625 0.5671875 0.11875 0.12421875
0 0.6765625 0.73203125 0.05625 0.10859375
0 0.5703125 0.88828125 0.08671875 0.10546875
0 0.19296875 0.5390625 0.0671875 0.1390625
0 0.13125 0.528125 0.0875 0.11328125
0 0.11875 0.040625 0.10390625 0.08125
0 0.059375 0.11640625 0.04765625 0.1328125
0 0.09921875 0.165625 0.08203125 0.10625
0 0.0328125 0.59765625 0.065625 0.109375
0 0.1875 0.665625 0.09765625 0.11484375
0 0.38828125 0.87890625 0.0890625 0.11171875
0 0.73828125 0.846875 0.0453125 0.0859375
0 0.86328125 0.92265625 0.0546875 0.115625
0 0.64609375 0.95859375 0.09140625 0.08203125