0 0.44375 0.6109375 0.11875 0.0953125
0 0.54375 0.45703125 0.2203125 0.1390625
0 0.81640625 0.60390625 0.3671875 0.2203125
0 0.68046875 0.4875 0.09921875 0.06796875
0 0.6796875 0.36796875 0.16640625 0.146875
0 0.21953125 0.525 0.10625 0.16640625
0 0.3484375 0.82421875 0.265625 0.31796875
0 0.46328125 0.909375 0.1171875 0.18046875
0 0.4171875 0.88046875 0.09453125 0.128125
0 0.5734375 0.63359375 0.0515625 0.06328125
0 0.60859375 0.56015625 0.09921875 0.1296875
0 0.75625 0.85390625 0.46953125 0.29140625
0 0.871875 0.84453125 0.25625 0.2640625
0 0.23515625 0.6734375 0.0421875 0.17734375