0 0.54296875 0.45703125 0.20234375 0.1265625
0 0.815625 0.60078125 0.36875 0.18984375
0 0.6796875 0.48671875 0.0921875 0.07578125
0 0.67421875 0.3546875 0.17421875 0.1328125
0 0.2171875 0.51171875 0.1078125 0.18671875
0 0.246875 0.64296875 0.0671875 0.19609375
0 0.43515625 0.615625 0.1046875 0.09296875
0 0.34140625 0.80859375 0.2375 0.228125
0 0.478125 0.909375 0.13828125 0.18046875
0 0.74296875 0.8359375 0.4296875 0.328125
0 0.88984375 0.81328125 0.2203125 0.3078125
0 0.62421875 0.5703125 0.13203125 0.125
0 0.58671875 0.678125 0.109375 0.16484375