0 0.525 0.45859375 0.1828125 0.1484375
0 0.68515625 0.35234375 0.1921875 0.19921875
0 0.1828125 0.48125 0.171875 0.17890625
0 0.23359375 0.659375 0.06484375 0.20859375
0 0.4296875 0.621875 0.10078125 0.1078125
0 0.7015625 0.81328125 0.4515625 0.3734375
0 0.5609375 0.60390625 0.08828125 0.10625
0 0.63203125 0.56953125 0.140625 0.1546875
0 0.68203125 0.48359375 0.09296875 0.06640625
0 0.840625 0.59765625 0.31875 0.2203125
0 0.3046875 0.80625 0.30546875 0.2515625
0 0.44375 0.7125 0.05546875 0.05078125
0 0.325 0.67421875 0.1375 0.05234375
0 0.3859375 0.8984375 0.090625 0.16953125
0 0.4953125 0.8953125 0.12578125 0.18203125
0 0.8609375 0.83671875 0.27734375 0.28046875