0 0.53125 0.46015625 0.19609375 0.17265625
0 0.66484375 0.35625 0.15625 0.1390625
0 0.82578125 0.6140625 0.3484375 0.246875
0 0.68359375 0.48671875 0.103125 0.06953125
0 0.209375 0.50234375 0.13515625 0.16796875
0 0.2328125 0.64765625 0.0578125 0.17421875
0 0.4328125 0.62265625 0.10078125 0.1
0 0.33359375 0.8234375 0.25546875 0.29140625
0 0.440625 0.70859375 0.0625 0.05234375
0 0.39375 0.8921875 0.1 0.18828125
0 0.48203125 0.90546875 0.11953125 0.17578125
0 0.72890625 0.821875 0.4421875 0.35625
0 0.61640625 0.70390625 0.14921875 0.1515625
0 0.5703125 0.61484375 0.08359375 0.09140625
0 0.61796875 0.5484375 0.134375 0.15
0 0.89296875 0.83671875 0.21328125 0.29296875