0 0.7421875 0.29375 0.23125 0.2359375
0 0.5125 0.45234375 0.17421875 0.1359375
0 0.11015625 0.42734375 0.21171875 0.1515625
0 0.30390625 0.66484375 0.15390625 0.07734375
0 0.415625 0.6421875 0.0734375 0.07734375
0 0.55078125 0.60234375 0.11015625 0.08203125
0 0.6921875 0.57578125 0.13203125 0.1328125
0 0.87890625 0.5859375 0.2421875 0.1875
0 0.40390625 0.7171875 0.0859375 0.07265625
0 0.1984375 0.840625 0.384375 0.30390625
0 0.60234375 0.83984375 0.4078125 0.25625
0 0.878125 0.81171875 0.24375 0.27109375