0 0.34609375 0.54609375 0.271875 0.20390625
0 0.534375 0.4796875 0.096875 0.1421875
0 0.5640625 0.64609375 0.07890625 0.140625
0 0.50390625 0.71953125 0.07734375 0.07890625
0 0.3859375 0.78203125 0.065625 0.0984375
0 0.20859375 0.6515625 0.16875 0.16328125
0 0.2640625 0.84296875 0.17890625 0.121875
0 0.10625 0.703125 0.20859375 0.33828125
0 0.55390625 0.796875 0.121875 0.1
0 0.68046875 0.7359375 0.03828125 0.0984375
0 0.77578125 0.70859375 0.1109375 0.19140625
0 0.8125 0.5546875 0.1859375 0.20546875
0 0.9171875 0.465625 0.165625 0.21796875
0 0.65625 0.92421875 0.24453125 0.1515625
0 0.5984375 0.8828125 0.0828125 0.225
0 0.51015625 0.8953125 0.1125 0.0984375
0 0.54453125 0.93046875 0.0796875 0.1203125