0 0.47734375 0.43828125 0.053125 0.08046875
0 0.4171875 0.4328125 0.071875 0.09140625
0 0.378125 0.4734375 0.0703125 0.06796875
0 0.26640625 0.6421875 0.29453125 0.23125
0 0.34296875 0.53046875 0.05703125 0.07421875
0 0.4296875 0.56328125 0.046875 0.08984375
0 0.178125 0.509375 0.07265625 0.0984375
0 0.33046875 0.85859375 0.121875 0.153125
0 0.45390625 0.734375 0.04609375 0.1140625
0 0.67421875 0.66875 0.24375 0.2328125
0 0.575 0.6875 0.0453125 0.08203125
0 0.57734375 0.803125 0.121875 0.109375
0 0.60078125 0.8515625 0.0796875 0.240625
0 0.525 0.9375 0.15 0.125
0 0.7 0.8828125 0.12734375 0.1265625
0 0.94609375 0.834375 0.1078125 0.1921875
0 0.86171875 0.5890625 0.165625 0.16484375
0 0.87109375 0.421875 0.2578125 0.2359375