0 0.7265625 0.52109375 0.1328125 0.128125
0 0.7171875 0.4328125 0.084375 0.090625
0 0.40078125 0.66953125 0.06328125 0.14453125
0 0.14375 0.37578125 0.0796875 0.1328125
0 0.034375 0.38671875 0.06796875 0.12109375
0 0.090625 0.49765625 0.05703125 0.103125
0 0.0890625 0.6421875 0.13984375 0.08515625
0 0.509375 0.69375 0.090625 0.11640625
0 0.8484375 0.78046875 0.13046875 0.13359375
0 0.89375 0.94921875 0.071875 0.1015625
0 0.05 0.784375 0.09921875 0.0890625
0 0.10234375 0.04609375 0.1203125 0.07890625
0 0.07421875 0.11640625 0.0890625 0.09375