0 0.75625 0.275 0.259375 0.275
0 0.509375 0.45078125 0.171875 0.1421875
0 0.60703125 0.42734375 0.07109375 0.1234375
0 0.6921875 0.575 0.1578125 0.146875
0 0.71953125 0.47890625 0.1125 0.06953125
0 0.8796875 0.59296875 0.240625 0.2546875
0 0.5421875 0.58359375 0.1359375 0.1015625
0 0.10625 0.42578125 0.2125 0.17265625
0 0.29765625 0.65078125 0.1671875 0.07578125
0 0.39765625 0.6296875 0.09453125 0.08359375
0 0.403125 0.71953125 0.08671875 0.05390625
0 0.6140625 0.65546875 0.1140625 0.103125
0 0.859375 0.815625 0.28125 0.259375
0 0.59765625 0.82109375 0.42265625 0.246875
0 0.18984375 0.8 0.3765625 0.21796875
0 0.378125 0.89765625 0.07265625 0.140625