0 0.58984375 0.3484375 0.1078125 0.1453125
0 0.82734375 0.42109375 0.04921875 0.11015625
0 0.58671875 0.57578125 0.06484375 0.10859375
0 0.62734375 0.5484375 0.04765625 0.11640625
0 0.49140625 0.7015625 0.0953125 0.1359375
0 0.7203125 0.7546875 0.0953125 0.1328125
0 0.7578125 0.93984375 0.08203125 0.09921875
0 0.92421875 0.94296875 0.11015625 0.109375
0 0.2609375 0.7203125 0.115625 0.11875
0 0.22265625 0.66484375 0.103125 0.1578125
0 0.203125 0.8734375 0.04375 0.11796875
0 0.14765625 0.85234375 0.10390625 0.13046875
0 0.2359375 0.9671875 0.10625 0.0640625
0 0.25625 0.9078125 0.1015625 0.0859375