0 0.63828125 0.30546875 0.09765625 0.109375
0 0.81328125 0.31796875 0.04921875 0.11796875
0 0.609375 0.44765625 0.03515625 0.11640625
0 0.5875 0.3859375 0.1 0.1609375
0 0.4625 0.52890625 0.0375 0.1578125
0 0.2328125 0.56328125 0.0984375 0.16171875
0 0.2296875 0.7546875 0.11875 0.115625
0 0.15859375 0.80234375 0.09921875 0.13125
0 0.2765625 0.87109375 0.10390625 0.10703125
0 0.2015625 0.95625 0.0375 0.0875
0 0.81015625 0.9265625 0.1109375 0.146875
0 0.82890625 0.75234375 0.10625 0.1203125
0 0.95390625 0.9265625 0.0890625 0.146875