0 0.6375 0.31328125 0.0890625 0.125
0 0.809375 0.36328125 0.040625 0.12109375
0 0.59296875 0.4328125 0.08671875 0.16640625
0 0.46484375 0.55625 0.0609375 0.13359375
0 0.23984375 0.58515625 0.11796875 0.1640625
0 0.234375 0.75 0.1140625 0.09765625
0 0.140625 0.803125 0.1015625 0.1421875
0 0.24453125 0.8859375 0.14140625 0.096875
0 0.27734375 0.88203125 0.09609375 0.10078125
0 0.2125 0.9546875 0.04453125 0.075
0 0.80703125 0.74375 0.10859375 0.140625
0 0.8 0.93359375 0.09453125 0.11171875
0 0.95234375 0.9234375 0.0953125 0.125