0 0.16484375 0.06015625 0.04765625 0.115625
0 0.05 0.2765625 0.0453125 0.09453125
0 0.57109375 0.3296875 0.05390625 0.09921875
0 0.66640625 0.51484375 0.10859375 0.10703125
0 0.184375 0.4921875 0.0546875 0.09296875
0 0.2484375 0.7234375 0.06640625 0.12109375
0 0.20078125 0.78046875 0.0671875 0.11328125
0 0.24921875 0.89765625 0.0796875 0.09140625
0 0.15703125 0.853125 0.053125 0.11171875
0 0.0296875 0.87734375 0.05859375 0.1203125
0 0.4390625 0.85859375 0.05234375 0.134375
0 0.67265625 0.73125 0.08515625 0.14921875
0 0.68203125 0.8203125 0.034375 0.08515625
0 0.753125 0.81875 0.06875 0.09296875
0 0.88671875 0.69375 0.04765625 0.09921875
0 0.675 0.98203125 0.0671875 0.0359375