0 0.5171875 0.3375 0.12578125 0.1703125
0 0.61484375 0.56953125 0.109375 0.1375
0 0.8484375 0.61484375 0.11328125 0.11796875
0 0.628125 0.69296875 0.121875 0.12734375
0 0.65859375 0.88359375 0.0859375 0.11796875
0 0.77734375 0.94765625 0.08359375 0.10390625
0 0.8828125 0.97578125 0.09140625 0.0484375
0 0.52734375 0.85 0.05234375 0.11484375
0 0.24765625 0.70234375 0.078125 0.13125
0 0.1890625 0.815625 0.06484375 0.103125
0 0.2140625 0.9015625 0.06796875 0.13671875
0 0.1796875 0.965625 0.10625 0.06875