0 0.53828125 0.3671875 0.10859375 0.1453125
0 0.62890625 0.584375 0.06953125 0.1
0 0.8390625 0.5546875 0.0828125 0.13359375
0 0.59296875 0.63125 0.0671875 0.1265625
0 0.52421875 0.79765625 0.08984375 0.14765625
0 0.67265625 0.8140625 0.103125 0.14296875
0 0.75703125 0.94921875 0.08125 0.1015625
0 0.909375 0.9640625 0.10859375 0.071875
0 0.26015625 0.6984375 0.09140625 0.1375
0 0.20078125 0.7671875 0.0890625 0.1328125
0 0.18828125 0.8609375 0.0875 0.11875
0 0.14765625 0.94453125 0.09453125 0.10234375
0 0.25234375 0.93671875 0.0453125 0.09375