0 0.503125 0.45078125 0.171875 0.16640625
0 0.76796875 0.26015625 0.2609375 0.29140625
0 0.09765625 0.425 0.1953125 0.15
0 0.54765625 0.5890625 0.10859375 0.09453125
0 0.61015625 0.4484375 0.06484375 0.08828125
0 0.284375 0.65234375 0.16875 0.08515625
0 0.58828125 0.809375 0.4515625 0.2734375
0 0.39921875 0.71484375 0.08828125 0.07734375
0 0.39921875 0.64453125 0.07109375 0.08203125
0 0.6203125 0.665625 0.09140625 0.103125
0 0.7296875 0.59609375 0.203125 0.17421875
0 0.7234375 0.4875 0.10859375 0.08046875
0 0.884375 0.58359375 0.23125 0.17265625
0 0.1921875 0.78828125 0.3546875 0.25625
0 0.86875 0.8171875 0.2578125 0.2734375
0 0.3703125 0.89453125 0.0859375 0.16484375