0 0.6234375 0.325 0.09921875 0.13671875
0 0.81796875 0.38125 0.05234375 0.10078125
0 0.6078125 0.50625 0.065625 0.115625
0 0.60390625 0.44296875 0.10078125 0.1453125
0 0.4671875 0.5828125 0.0890625 0.1390625
0 0.2328125 0.59375 0.10546875 0.15546875
0 0.2421875 0.74375 0.1390625 0.11171875
0 0.14765625 0.82265625 0.0890625 0.11796875
0 0.26953125 0.91328125 0.0765625 0.09453125
0 0.209375 0.9515625 0.0359375 0.0828125
0 0.2453125 0.8734375 0.10625 0.0859375
0 0.79140625 0.74921875 0.10078125 0.121875
0 0.78125 0.928125 0.09453125 0.11328125
0 0.95390625 0.92578125 0.0921875 0.115625