0 0.7078125 0.33125 0.21875 0.2578125
0 0.5234375 0.44609375 0.1703125 0.1484375
0 0.6671875 0.56171875 0.15390625 0.1328125
0 0.703125 0.48046875 0.0953125 0.06328125
0 0.8640625 0.5984375 0.271875 0.24296875
0 0.54921875 0.60078125 0.09921875 0.121875
0 0.41640625 0.6296875 0.08359375 0.06484375
0 0.24453125 0.6328125 0.03359375 0.1015625
0 0.128125 0.43984375 0.225 0.16953125
0 0.3390625 0.6578125 0.115625 0.08515625
0 0.40859375 0.715625 0.075 0.06328125
0 0.21328125 0.84296875 0.40078125 0.30390625
0 0.37734375 0.90390625 0.09140625 0.17109375
0 0.64921875 0.82734375 0.4625 0.3453125
0 0.48984375 0.89765625 0.08671875 0.15546875
0 0.61171875 0.66171875 0.1109375 0.0984375
0 0.85078125 0.840625 0.2984375 0.28828125