0 0.63125 0.32578125 0.10546875 0.11015625
0 0.81640625 0.38125 0.0328125 0.11640625
0 0.5953125 0.45234375 0.08359375 0.15546875
0 0.4671875 0.5765625 0.0703125 0.13046875
0 0.234375 0.596875 0.1109375 0.16328125
0 0.234375 0.7515625 0.11796875 0.11484375
0 0.146875 0.8171875 0.09140625 0.1328125
0 0.246875 0.88046875 0.1234375 0.0859375
0 0.2625 0.89765625 0.0765625 0.09453125
0 0.21875 0.953125 0.0671875 0.06328125
0 0.7953125 0.75625 0.10625 0.1328125
0 0.78828125 0.9296875 0.1 0.10390625
0 0.9546875 0.9234375 0.090625 0.12421875