0 0.66171875 0.42421875 0.09453125 0.1
0 0.7921875 0.55859375 0.12109375 0.10703125
0 0.67890625 0.73203125 0.071875 0.121875
0 0.56796875 0.9 0.0890625 0.103125
0 0.3875 0.87265625 0.08671875 0.1
0 0.19609375 0.5296875 0.0515625 0.12109375
0 0.121875 0.5359375 0.0859375 0.09609375
0 0.1875 0.6703125 0.10234375 0.09453125
0 0.0296875 0.59296875 0.059375 0.10859375
0 0.62421875 0.9609375 0.07890625 0.078125
0 0.86015625 0.92578125 0.06015625 0.11328125
0 0.74921875 0.8390625 0.0375 0.125
0 0.0921875 0.16640625 0.05625 0.09375
0 0.10703125 0.0359375 0.1046875 0.071875
0 0.05234375 0.1125 0.06015625 0.14921875