0 0.56796875 0.290625 0.06171875 0.14765625
0 0.65859375 0.275 0.0625 0.1328125
0 0.7984375 0.21796875 0.0609375 0.15859375
0 0.61796875 0.42890625 0.059375 0.109375
0 0.45859375 0.4578125 0.06015625 0.13671875
0 0.23203125 0.546875 0.1015625 0.196875
0 0.20546875 0.77734375 0.11328125 0.090625
0 0.16015625 0.78203125 0.08359375 0.1296875
0 0.27890625 0.84609375 0.09375 0.10703125
0 0.8203125 0.77109375 0.115625 0.11875
0 0.83046875 0.94375 0.115625 0.11171875
0 0.22109375 0.940625 0.11484375 0.11796875