0 0.6515625 0.284375 0.065625 0.13046875
0 0.79609375 0.22734375 0.0375 0.121875
0 0.57265625 0.30546875 0.0765625 0.12734375
0 0.615625 0.4265625 0.0671875 0.1234375
0 0.4578125 0.45859375 0.0578125 0.1390625
0 0.22578125 0.53203125 0.08984375 0.1546875
0 0.20625 0.77421875 0.11875 0.10078125
0 0.1609375 0.79453125 0.08671875 0.1328125
0 0.28203125 0.84140625 0.103125 0.0890625
0 0.23203125 0.925 0.0921875 0.09453125
0 0.82421875 0.76171875 0.10859375 0.11328125
0 0.8265625 0.9359375 0.10625 0.128125