0 0.54140625 0.35 0.10234375 0.12734375
0 0.6015625 0.63125 0.08203125 0.121875
0 0.62265625 0.58515625 0.05 0.11484375
0 0.840625 0.540625 0.08515625 0.10703125
0 0.67421875 0.81171875 0.09375 0.1421875
0 0.51328125 0.79140625 0.0796875 0.13046875
0 0.7578125 0.95 0.0625 0.09921875
0 0.91171875 0.9609375 0.103125 0.078125
0 0.2625 0.7078125 0.0921875 0.11015625
0 0.20390625 0.7515625 0.09375 0.128125
0 0.20078125 0.8765625 0.05078125 0.09453125
0 0.15078125 0.92890625 0.09609375 0.10234375
0 0.25703125 0.92578125 0.05859375 0.10078125