0 0.1953125 0.8375 0.390625 0.325
0 0.31328125 0.6546875 0.178125 0.0984375
0 0.403125 0.61875 0.11171875 0.1078125
0 0.1234375 0.45546875 0.24296875 0.19140625
0 0.52265625 0.446875 0.184375 0.1375
0 0.70859375 0.31640625 0.24921875 0.2625
0 0.709375 0.4828125 0.10625 0.07421875
0 0.66875 0.5546875 0.1296875 0.134375
0 0.8625 0.59453125 0.275 0.21796875
0 0.55703125 0.60625 0.115625 0.1078125
0 0.63984375 0.82890625 0.4703125 0.3421875
0 0.6 0.66015625 0.08671875 0.1078125
0 0.86015625 0.8078125 0.2796875 0.2625
0 0.49765625 0.8859375 0.134375 0.17265625
0 0.37578125 0.89296875 0.0890625 0.18671875