0 0.17109375 0.0578125 0.04296875 0.115625
0 0.04765625 0.275 0.04765625 0.08203125
0 0.1828125 0.48203125 0.0671875 0.10546875
0 0.57265625 0.32265625 0.05625 0.10703125
0 0.6640625 0.53359375 0.09609375 0.10859375
0 0.88828125 0.68203125 0.03671875 0.1234375
0 0.66875 0.73671875 0.078125 0.15703125
0 0.75 0.815625 0.0609375 0.09140625
0 0.68203125 0.828125 0.040625 0.090625
0 0.4421875 0.871875 0.0671875 0.1125
0 0.4421875 0.87265625 0.0453125 0.103125
0 0.24609375 0.7171875 0.06171875 0.12109375
0 0.159375 0.85625 0.04453125 0.10390625
0 0.196875 0.77890625 0.05546875 0.11015625
0 0.0265625 0.8625 0.05234375 0.11875
0 0.253125 0.88984375 0.07265625 0.0890625
0 0.67109375 0.9765625 0.0671875 0.046875