0 0.79453125 0.23828125 0.29453125 0.30703125
0 0.08828125 0.41640625 0.1734375 0.16015625
0 0.5015625 0.46015625 0.18203125 0.1359375
0 0.61953125 0.44375 0.04375 0.09453125
0 0.7109375 0.58359375 0.14921875 0.1515625
0 0.728125 0.4859375 0.13125 0.07421875
0 0.5484375 0.58359375 0.1203125 0.08671875
0 0.39375 0.64609375 0.07578125 0.06640625
0 0.284375 0.64921875 0.15546875 0.06328125
0 0.18203125 0.803125 0.3640625 0.253125
0 0.58828125 0.83828125 0.40078125 0.21953125
0 0.40703125 0.728125 0.06953125 0.06171875
0 0.61484375 0.6640625 0.07734375 0.09453125
0 0.884375 0.58828125 0.23046875 0.17578125
0 0.86171875 0.8125 0.26015625 0.2359375