0 0.7375 0.44296875 0.0734375 0.090625
0 0.6703125 0.4765625 0.0984375 0.13671875
0 0.41640625 0.5359375 0.0890625 0.13671875
0 0.12265625 0.24765625 0.09609375 0.1609375
0 0.0875 0.0625 0.11328125 0.125
0 0.0328125 0.30078125 0.06484375 0.11796875
0 0.0890625 0.4859375 0.06953125 0.10078125
0 0.040625 0.54765625 0.08046875 0.11796875
0 0.18515625 0.95625 0.0921875 0.0875
0 0.0390625 0.9078125 0.02890625 0.0890625
0 0.4765625 0.7078125 0.05625 0.09921875
0 0.90703125 0.8484375 0.103125 0.1265625