0 0.64765625 0.2890625 0.08515625 0.13046875
0 0.80625 0.2953125 0.0359375 0.12421875
0 0.5671875 0.35390625 0.07109375 0.11796875
0 0.6171875 0.42734375 0.05546875 0.11796875
0 0.46171875 0.50234375 0.0453125 0.1546875
0 0.228125 0.56171875 0.0984375 0.17578125
0 0.2296875 0.75703125 0.11640625 0.09609375
0 0.1515625 0.79609375 0.08828125 0.13125
0 0.26875 0.85703125 0.09140625 0.10390625
0 0.81875 0.73828125 0.1203125 0.134375
0 0.82421875 0.92265625 0.09453125 0.1203125
0 0.978125 0.9375 0.04296875 0.125