0 0.52421875 0.44921875 0.18125 0.1359375
0 0.16328125 0.4640625 0.19375 0.18359375
0 0.23828125 0.6640625 0.06015625 0.17109375
0 0.4171875 0.62578125 0.10390625 0.06953125
0 0.55390625 0.60625 0.08828125 0.08359375
0 0.6890625 0.346875 0.2234375 0.21015625
0 0.33125 0.68203125 0.10234375 0.07421875
0 0.85625 0.59609375 0.2875 0.21953125
0 0.6640625 0.571875 0.159375 0.146875
0 0.69453125 0.49296875 0.09375 0.05703125
0 0.6828125 0.8265625 0.43828125 0.346875
0 0.60234375 0.67421875 0.11796875 0.09296875
0 0.278125 0.821875 0.325 0.2578125
0 0.42734375 0.7171875 0.05625 0.06640625
0 0.8703125 0.815625 0.259375 0.28046875
0 0.50546875 0.896875 0.11484375 0.17265625