0 0.52421875 0.46171875 0.175 0.1296875
0 0.6984375 0.33515625 0.20859375 0.240625
0 0.66328125 0.56796875 0.13515625 0.1234375
0 0.70078125 0.484375 0.10078125 0.06796875
0 0.8546875 0.60859375 0.290625 0.2328125
0 0.55 0.60703125 0.10859375 0.096875
0 0.41796875 0.62890625 0.0984375 0.08203125
0 0.24453125 0.6375 0.0421875 0.1390625
0 0.15078125 0.44921875 0.20234375 0.17265625
0 0.215625 0.83046875 0.43125 0.32421875
0 0.33203125 0.66484375 0.11875 0.08046875
0 0.4109375 0.71015625 0.08671875 0.07421875
0 0.66953125 0.82265625 0.46328125 0.35390625
0 0.58828125 0.6703125 0.07734375 0.103125
0 0.8453125 0.8265625 0.309375 0.29453125
0 0.496875 0.88984375 0.10078125 0.16171875
0 0.38125 0.90078125 0.08828125 0.140625